1.00000e+00	3.71369e-01	3.64179e-01	4.68022e-01	4.59613e-01	3.96697e-01	5.30662e-01	4.83745e-01	4.10499e-01	4.81586e-01	5.05042e-01	7.98690e-01	5.48713e-01	4.44318e-01	4.37638e-01	4.45364e-01	4.42677e-01	4.42697e-01	4.39952e-01	4.39913e-01	9.37102e-01	8.07579e-01	6.42926e-01	5.24585e-01	5.12598e-01	5.35647e-01	5.27749e-01	5.35796e-01	5.43022e-01	5.30853e-01	5.13859e-01	5.02071e-01	4.91234e-01	4.86199e-01	4.92789e-01	5.02395e-01	5.02106e-01	5.17311e-01	5.22124e-01	5.03581e-01	4.94039e-01	5.06271e-01	5.26059e-01	5.38565e-01	5.41410e-01	5.45308e-01	5.45688e-01	5.36820e-01	5.19834e-01	5.08533e-01	4.84558e-01	4.68539e-01	4.71771e-01	4.86594e-01	4.91063e-01	4.50937e-01	4.33157e-01	4.33969e-01	4.67113e-01	4.80261e-01	4.41223e-01	4.15106e-01	4.35452e-01	4.40412e-01	4.47411e-01	4.58096e-01	4.69055e-01	4.46642e-01	4.40760e-01	4.52318e-01	4.73733e-01	4.83371e-01	4.79857e-01	4.67643e-01	4.60299e-01	4.72632e-01	5.18649e-01	5.11191e-01	4.98163e-01	4.96220e-01	5.06726e-01	4.92787e-01	5.01764e-01	5.25722e-01	5.24227e-01	5.03892e-01	4.88138e-01	5.06571e-01	5.23099e-01	5.13370e-01	4.94615e-01	4.81956e-01	4.88590e-01	4.85364e-01	7.31764e-01	4.88690e-01	4.35132e-01	4.50336e-01	4.59984e-01	4.55157e-01
3.71369e-01	1.00000e+00	8.65656e-01	5.38692e-01	5.46113e-01	8.07449e-01	4.77386e-01	5.33400e-01	8.00528e-01	5.13843e-01	5.01416e-01	3.08996e-01	3.15825e-01	3.91434e-01	4.43294e-01	4.69245e-01	4.79542e-01	4.90286e-01	4.99183e-01	5.11246e-01	3.39728e-01	3.11680e-01	3.09685e-01	3.59236e-01	4.32821e-01	4.33961e-01	4.57671e-01	4.61149e-01	4.56805e-01	4.57645e-01	4.52214e-01	4.61444e-01	4.94545e-01	5.24747e-01	5.25862e-01	5.22382e-01	5.19028e-01	4.82200e-01	4.75876e-01	5.11288e-01	5.36473e-01	5.18637e-01	4.76862e-01	5.04954e-01	5.23117e-01	5.34265e-01	5.39708e-01	5.34352e-01	5.17311e-01	4.92918e-01	5.04826e-01	5.18832e-01	5.01785e-01	4.70778e-01	4.42684e-01	4.19321e-01	4.27898e-01	4.39854e-01	4.36623e-01	4.56324e-01	4.80329e-01	4.70433e-01	4.61142e-01	4.65815e-01	4.76813e-01	4.90189e-01	4.99963e-01	5.23971e-01	5.30439e-01	5.42818e-01	5.51345e-01	5.47404e-01	5.23457e-01	5.10650e-01	5.21657e-01	5.29430e-01	5.72868e-01	6.03674e-01	6.17829e-01	5.97729e-01	5.27619e-01	5.27355e-01	5.59652e-01	5.47146e-01	5.30847e-01	5.38472e-01	5.43855e-01	5.46946e-01	5.32581e-01	5.23356e-01	5.17947e-01	5.21974e-01	5.20273e-01	5.25679e-01	2.79675e-01	3.25227e-01	3.90333e-01	4.35431e-01	4.56857e-01	4.69472e-01
3.64179e-01	8.65656e-01	1.00000e+00	5.43186e-01	5.29281e-01	8.25411e-01	4.69179e-01	5.16685e-01	8.05751e-01	5.09342e-01	4.95326e-01	3.04121e-01	3.16595e-01	3.78687e-01	4.22841e-01	4.68091e-01	4.86557e-01	5.02161e-01	5.15458e-01	5.31249e-01	3.41657e-01	3.18375e-01	3.11176e-01	3.50365e-01	4.12085e-01	4.24822e-01	4.58353e-01	4.52382e-01	4.41882e-01	4.46179e-01	4.49356e-01	4.58962e-01	4.81676e-01	5.02653e-01	5.02070e-01	5.01734e-01	5.05049e-01	4.78933e-01	4.74939e-01	5.02631e-01	5.18103e-01	5.04587e-01	4.87869e-01	5.22243e-01	5.37222e-01	5.45922e-01	5.48280e-01	5.45395e-01	5.35316e-01	5.09611e-01	4.93697e-01	5.02064e-01	4.92143e-01	4.74473e-01	4.65248e-01	4.70232e-01	4.61936e-01	4.53336e-01	4.31243e-01	4.50396e-01	4.78985e-01	4.67945e-01	4.53806e-01	4.57014e-01	4.68366e-01	4.89265e-01	5.11108e-01	5.36751e-01	5.34696e-01	5.39916e-01	5.46222e-01	5.40696e-01	5.22525e-01	5.19799e-01	5.35420e-01	5.27612e-01	5.70235e-01	5.95101e-01	6.07089e-01	5.92293e-01	5.45683e-01	5.44492e-01	5.47732e-01	5.45757e-01	5.42478e-01	5.54680e-01	5.50922e-01	5.50756e-01	5.37353e-01	5.31209e-01	5.14522e-01	5.06493e-01	5.11499e-01	5.08973e-01	2.81840e-01	3.24963e-01	3.71554e-01	4.17474e-01	4.58192e-01	4.79505e-01
4.68022e-01	5.38692e-01	5.43186e-01	1.00000e+00	5.39921e-01	5.66797e-01	5.35974e-01	5.23102e-01	5.62127e-01	5.01640e-01	5.15940e-01	4.44494e-01	4.72929e-01	4.84635e-01	4.80397e-01	4.85577e-01	4.91088e-01	4.99480e-01	5.09504e-01	5.15466e-01	4.51546e-01	4.47960e-01	4.58874e-01	4.80124e-01	4.86477e-01	4.87321e-01	5.09049e-01	5.20696e-01	5.23309e-01	5.27664e-01	5.23868e-01	5.04229e-01	4.86118e-01	4.77046e-01	4.77127e-01	4.75912e-01	4.72706e-01	4.77554e-01	4.84393e-01	4.77138e-01	4.71288e-01	4.76014e-01	5.05008e-01	5.19499e-01	5.11943e-01	5.05109e-01	5.03004e-01	5.09289e-01	5.18635e-01	5.26270e-01	5.12547e-01	4.82462e-01	4.73522e-01	4.81052e-01	4.92455e-01	4.78034e-01	4.64129e-01	4.60860e-01	4.57267e-01	4.73175e-01	4.91641e-01	5.04428e-01	4.90293e-01	4.86847e-01	4.81068e-01	4.67876e-01	4.82297e-01	5.14783e-01	5.33833e-01	5.19023e-01	4.91988e-01	4.71231e-01	4.81043e-01	5.03669e-01	5.23304e-01	5.26484e-01	4.87896e-01	5.02851e-01	5.28656e-01	5.39475e-01	5.19721e-01	4.97423e-01	5.00652e-01	4.83285e-01	4.75426e-01	4.93891e-01	5.29962e-01	5.12663e-01	5.24283e-01	5.19634e-01	4.95261e-01	4.79192e-01	4.75597e-01	5.06331e-01	4.44490e-01	4.86140e-01	4.88850e-01	4.83269e-01	4.88218e-01	4.93327e-01
4.59613e-01	5.46113e-01	5.29281e-01	5.39921e-01	1.00000e+00	5.34974e-01	5.52695e-01	5.12909e-01	5.26379e-01	5.50430e-01	5.43751e-01	4.33971e-01	4.29066e-01	4.82603e-01	4.99298e-01	4.87758e-01	4.82124e-01	4.83046e-01	4.92532e-01	5.08879e-01	4.41199e-01	4.37514e-01	4.54890e-01	4.79652e-01	4.81731e-01	4.74613e-01	4.82263e-01	4.85946e-01	4.82542e-01	4.93133e-01	4.89575e-01	4.85060e-01	4.97307e-01	5.16573e-01	5.19213e-01	4.94973e-01	4.86276e-01	4.91985e-01	5.08744e-01	5.23786e-01	5.27679e-01	5.13899e-01	4.82524e-01	4.56212e-01	4.52272e-01	4.51475e-01	4.55083e-01	4.64202e-01	4.84859e-01	5.21827e-01	5.18810e-01	5.12114e-01	5.07871e-01	5.02528e-01	5.03058e-01	5.04226e-01	5.18822e-01	5.26657e-01	5.09756e-01	4.95920e-01	4.98340e-01	5.03160e-01	5.13920e-01	5.17006e-01	5.21279e-01	5.26433e-01	5.09724e-01	4.86046e-01	4.92694e-01	5.15291e-01	5.24140e-01	5.21339e-01	5.05525e-01	4.91683e-01	4.91952e-01	4.94397e-01	4.96359e-01	4.89845e-01	4.92224e-01	4.96587e-01	4.83352e-01	5.00473e-01	5.16478e-01	4.98512e-01	4.75566e-01	4.71322e-01	5.01913e-01	5.20557e-01	5.01477e-01	4.89494e-01	5.01774e-01	5.09840e-01	4.87228e-01	4.98556e-01	4.20852e-01	4.47852e-01	5.05942e-01	5.13570e-01	4.91734e-01	4.85936e-01
3.96697e-01	8.07449e-01	8.25411e-01	5.66797e-01	5.34974e-01	1.00000e+00	5.26894e-01	5.09327e-01	8.21012e-01	5.05630e-01	5.14751e-01	3.36863e-01	3.45243e-01	4.06544e-01	4.51156e-01	4.78454e-01	4.89727e-01	4.99431e-01	5.10192e-01	5.24918e-01	3.66542e-01	3.40462e-01	3.34212e-01	3.70156e-01	4.25141e-01	4.41260e-01	4.75376e-01	4.82088e-01	4.92223e-01	5.00689e-01	4.89400e-01	4.81946e-01	4.91214e-01	5.01494e-01	5.02474e-01	5.18783e-01	5.25535e-01	4.96701e-01	4.87719e-01	5.15782e-01	5.36964e-01	5.26184e-01	5.02669e-01	4.96822e-01	5.02342e-01	5.13234e-01	5.26848e-01	5.34401e-01	5.30714e-01	5.19023e-01	5.11309e-01	5.03842e-01	4.78695e-01	4.61136e-01	4.58938e-01	4.43973e-01	4.20218e-01	4.14366e-01	4.23905e-01	4.59005e-01	4.71843e-01	4.59552e-01	4.58330e-01	4.61329e-01	4.67166e-01	4.79024e-01	4.90289e-01	4.98553e-01	5.13730e-01	5.26682e-01	5.33135e-01	5.25162e-01	5.16226e-01	5.09912e-01	5.11454e-01	5.09902e-01	5.57343e-01	5.85882e-01	6.13909e-01	6.05091e-01	5.48705e-01	5.41031e-01	5.41886e-01	5.38814e-01	5.29275e-01	5.34862e-01	5.27062e-01	5.14803e-01	5.20814e-01	5.24690e-01	5.14608e-01	5.15771e-01	5.06084e-01	5.03515e-01	3.13376e-01	3.55239e-01	4.00753e-01	4.40147e-01	4.63666e-01	4.75518e-01
5.30662e-01	4.77386e-01	4.69179e-01	5.35974e-01	5.52695e-01	5.26894e-01	1.00000e+00	5.05500e-01	4.92590e-01	5.28348e-01	5.31847e-01	5.06711e-01	5.04644e-01	5.22617e-01	5.42756e-01	5.43944e-01	5.44598e-01	5.42321e-01	5.35877e-01	5.28140e-01	5.15307e-01	5.00857e-01	4.93076e-01	5.02891e-01	5.27444e-01	5.38109e-01	5.18971e-01	5.28813e-01	5.64390e-01	5.68511e-01	5.52590e-01	5.23237e-01	4.92298e-01	4.76477e-01	4.72609e-01	4.80340e-01	4.94789e-01	5.09232e-01	5.11970e-01	5.07300e-01	5.09912e-01	5.15287e-01	5.06507e-01	4.54405e-01	4.42710e-01	4.36844e-01	4.36238e-01	4.41658e-01	4.62111e-01	5.12345e-01	5.22997e-01	4.88670e-01	4.61838e-01	4.53031e-01	4.61682e-01	4.62794e-01	4.77533e-01	4.80722e-01	4.78958e-01	4.67416e-01	4.47336e-01	4.64369e-01	4.69047e-01	4.65818e-01	4.66585e-01	4.70631e-01	4.77196e-01	4.91294e-01	5.07411e-01	5.02453e-01	5.02096e-01	5.01623e-01	5.10098e-01	5.12479e-01	5.04001e-01	4.97957e-01	4.99781e-01	4.89405e-01	4.79186e-01	4.78037e-01	4.85419e-01	4.90040e-01	4.85926e-01	4.86068e-01	4.75942e-01	4.76801e-01	4.97307e-01	4.89556e-01	5.00300e-01	5.01258e-01	4.99531e-01	4.86301e-01	4.89625e-01	5.04692e-01	4.99410e-01	5.05410e-01	5.29821e-01	5.55129e-01	5.53337e-01	5.51570e-01
4.83745e-01	5.33400e-01	5.16685e-01	5.23102e-01	5.12909e-01	5.09327e-01	5.05500e-01	1.00000e+00	5.04417e-01	4.97698e-01	4.92628e-01	4.43661e-01	4.39366e-01	4.66125e-01	4.98894e-01	5.07689e-01	5.08552e-01	5.09743e-01	5.09316e-01	5.04759e-01	4.68757e-01	4.51028e-01	4.43573e-01	4.52194e-01	4.61960e-01	4.69638e-01	4.77259e-01	4.78839e-01	4.86301e-01	4.90871e-01	4.87814e-01	4.82563e-01	4.78417e-01	4.74872e-01	4.69918e-01	4.69247e-01	4.73429e-01	4.76355e-01	4.74419e-01	4.84907e-01	4.89847e-01	4.82427e-01	4.69839e-01	4.71197e-01	4.71600e-01	4.66639e-01	4.57078e-01	4.50083e-01	4.62814e-01	5.07621e-01	5.35287e-01	5.10727e-01	4.82062e-01	4.70233e-01	4.73309e-01	4.78206e-01	4.84576e-01	4.74605e-01	4.62587e-01	4.69298e-01	4.71943e-01	4.82150e-01	4.80606e-01	4.80729e-01	4.89139e-01	4.92239e-01	4.85214e-01	4.91619e-01	5.09747e-01	5.19881e-01	5.26939e-01	5.24945e-01	5.00654e-01	5.22749e-01	6.56597e-01	9.07598e-01	4.71463e-01	4.73180e-01	4.73807e-01	4.76898e-01	4.90274e-01	5.00741e-01	4.77104e-01	4.51989e-01	4.41371e-01	4.41298e-01	4.68072e-01	4.71136e-01	4.64262e-01	4.92702e-01	5.01594e-01	5.40133e-01	7.07591e-01	9.64901e-01	4.34916e-01	4.37554e-01	4.60843e-01	4.93827e-01	5.05430e-01	5.11222e-01
4.10499e-01	8.00528e-01	8.05751e-01	5.62127e-01	5.26379e-01	8.21012e-01	4.92590e-01	5.04417e-01	1.00000e+00	4.95722e-01	5.00827e-01	3.33128e-01	3.44551e-01	4.11646e-01	4.54194e-01	4.86568e-01	4.97322e-01	5.04158e-01	5.10952e-01	5.22223e-01	3.74460e-01	3.40962e-01	3.29006e-01	3.67549e-01	4.36610e-01	4.52563e-01	4.84656e-01	4.92131e-01	4.97940e-01	5.02522e-01	4.97398e-01	4.97560e-01	5.07309e-01	5.14858e-01	5.12971e-01	5.26052e-01	5.33257e-01	5.02915e-01	4.85124e-01	5.00691e-01	5.12480e-01	5.02453e-01	4.90613e-01	5.01963e-01	5.10752e-01	5.18707e-01	5.27546e-01	5.35879e-01	5.37357e-01	5.22965e-01	5.04386e-01	4.91714e-01	4.67280e-01	4.50261e-01	4.49785e-01	4.41993e-01	4.28252e-01	4.25197e-01	4.17983e-01	4.45186e-01	4.67790e-01	4.58329e-01	4.50241e-01	4.57955e-01	4.73002e-01	4.79951e-01	4.81529e-01	4.88470e-01	4.90017e-01	5.00846e-01	5.16223e-01	5.16709e-01	5.12336e-01	5.08407e-01	5.09486e-01	5.05777e-01	5.76238e-01	6.01020e-01	6.19237e-01	6.11588e-01	5.58680e-01	5.33324e-01	5.66350e-01	5.48630e-01	5.23109e-01	5.25263e-01	5.18003e-01	5.06193e-01	5.15500e-01	5.19396e-01	5.37680e-01	5.47293e-01	5.27359e-01	5.00440e-01	3.07639e-01	3.54013e-01	4.05175e-01	4.51399e-01	4.72544e-01	4.76555e-01
4.81586e-01	5.13843e-01	5.09342e-01	5.01640e-01	5.50430e-01	5.05630e-01	5.28348e-01	4.97698e-01	4.95722e-01	1.00000e+00	5.21831e-01	4.65177e-01	4.61817e-01	4.71700e-01	5.02236e-01	5.15689e-01	5.11737e-01	4.99025e-01	4.90393e-01	4.85692e-01	4.68871e-01	4.64789e-01	4.72332e-01	4.82180e-01	4.84624e-01	4.88222e-01	4.81036e-01	4.82766e-01	4.89531e-01	5.13686e-01	5.33212e-01	5.37834e-01	5.28236e-01	5.13358e-01	5.03174e-01	4.89097e-01	4.83235e-01	4.85695e-01	4.93072e-01	5.04983e-01	5.09008e-01	5.02447e-01	4.86047e-01	4.81576e-01	4.86975e-01	4.86830e-01	4.84535e-01	4.78478e-01	4.70410e-01	4.59070e-01	4.65971e-01	5.01207e-01	5.09320e-01	5.04609e-01	5.00386e-01	4.82973e-01	4.81463e-01	4.89596e-01	4.97840e-01	5.01303e-01	4.99386e-01	4.88019e-01	4.79161e-01	4.85214e-01	5.03392e-01	5.26389e-01	5.15463e-01	5.04003e-01	5.08992e-01	5.07021e-01	4.95531e-01	4.89323e-01	4.98168e-01	5.02585e-01	4.97072e-01	4.96671e-01	4.89894e-01	4.87168e-01	5.01451e-01	5.06384e-01	4.84658e-01	4.81724e-01	4.85704e-01	4.88178e-01	4.79402e-01	4.77015e-01	5.00316e-01	5.18741e-01	4.98249e-01	4.91236e-01	5.00597e-01	5.13961e-01	5.11187e-01	5.00740e-01	4.56517e-01	4.54645e-01	4.66675e-01	5.02070e-01	5.13267e-01	5.08574e-01
5.05042e-01	5.01416e-01	4.95326e-01	5.15940e-01	5.43751e-01	5.14751e-01	5.31847e-01	4.92628e-01	5.00827e-01	5.21831e-01	1.00000e+00	4.92204e-01	5.05468e-01	5.03390e-01	4.81867e-01	4.74900e-01	4.76198e-01	4.86878e-01	5.06266e-01	5.24671e-01	4.97121e-01	4.93799e-01	4.95343e-01	5.00253e-01	4.92781e-01	5.01263e-01	4.97035e-01	4.88844e-01	4.89941e-01	4.95087e-01	5.00528e-01	5.06284e-01	4.97130e-01	4.80607e-01	4.77112e-01	4.83594e-01	4.94877e-01	5.06641e-01	4.96900e-01	4.81710e-01	4.87584e-01	4.99938e-01	4.99257e-01	4.79560e-01	4.74712e-01	4.69090e-01	4.64429e-01	4.68009e-01	4.86849e-01	5.22991e-01	5.32814e-01	5.09275e-01	4.89077e-01	4.85415e-01	4.94453e-01	5.00637e-01	4.90193e-01	4.85620e-01	4.76946e-01	4.75213e-01	4.66179e-01	4.83003e-01	4.80624e-01	4.72032e-01	4.63605e-01	4.70003e-01	4.93501e-01	5.08154e-01	5.20412e-01	5.14872e-01	5.04096e-01	5.04154e-01	5.11658e-01	5.15943e-01	5.12101e-01	5.02195e-01	4.77822e-01	4.90071e-01	5.08967e-01	5.00319e-01	4.70478e-01	4.87827e-01	5.11489e-01	5.04675e-01	4.92273e-01	4.93130e-01	4.99718e-01	4.93302e-01	4.99962e-01	4.97946e-01	5.16190e-01	5.15895e-01	5.01189e-01	4.96782e-01	4.96364e-01	5.18482e-01	5.07528e-01	4.81801e-01	4.80860e-01	4.84380e-01
7.98690e-01	3.08996e-01	3.04121e-01	4.44494e-01	4.33971e-01	3.36863e-01	5.06711e-01	4.43661e-01	3.33128e-01	4.65177e-01	4.92204e-01	1.00000e+00	8.22158e-01	5.14501e-01	4.05069e-01	4.09023e-01	4.08886e-01	4.05335e-01	4.01255e-01	4.04672e-01	8.14138e-01	7.95844e-01	7.15819e-01	5.94529e-01	5.31113e-01	5.36016e-01	5.20606e-01	5.31260e-01	5.64100e-01	5.48337e-01	5.16703e-01	4.93854e-01	4.80536e-01	4.79759e-01	5.04884e-01	5.16982e-01	5.11247e-01	5.25217e-01	5.28155e-01	5.00877e-01	4.82885e-01	4.98735e-01	5.39341e-01	5.73143e-01	5.73257e-01	5.68155e-01	5.57260e-01	5.43285e-01	5.21175e-01	4.96939e-01	4.63802e-01	4.29050e-01	4.42021e-01	4.74541e-01	4.98455e-01	4.69607e-01	4.49096e-01	4.51373e-01	4.88464e-01	4.93573e-01	4.48874e-01	4.06919e-01	4.03393e-01	3.99187e-01	4.01249e-01	4.21004e-01	4.52832e-01	4.42141e-01	4.38745e-01	4.49760e-01	4.61996e-01	4.62142e-01	4.73140e-01	4.72829e-01	4.55726e-01	4.42404e-01	5.35440e-01	5.31843e-01	5.13817e-01	4.99637e-01	5.21189e-01	5.08779e-01	4.98048e-01	5.21608e-01	5.32553e-01	5.22055e-01	4.92633e-01	5.03003e-01	5.14704e-01	5.15573e-01	5.13090e-01	4.81832e-01	4.73020e-01	4.61137e-01	9.58363e-01	6.78451e-01	4.60500e-01	4.04779e-01	4.23052e-01	4.20020e-01
5.48713e-01	3.15825e-01	3.16595e-01	4.72929e-01	4.29066e-01	3.45243e-01	5.04644e-01	4.39366e-01	3.44551e-01	4.61817e-01	5.05468e-01	8.22158e-01	1.00000e+00	7.80024e-01	5.22549e-01	4.08663e-01	3.97651e-01	4.00068e-01	4.07980e-01	4.17206e-01	5.71809e-01	6.17204e-01	6.47455e-01	6.16387e-01	5.63074e-01	5.39132e-01	5.17396e-01	5.26502e-01	5.61914e-01	5.53879e-01	5.30913e-01	5.03293e-01	4.79869e-01	4.69875e-01	4.83284e-01	4.94832e-01	4.97293e-01	5.15770e-01	5.18317e-01	4.92959e-01	4.67768e-01	4.74397e-01	5.21783e-01	5.69540e-01	5.71716e-01	5.62258e-01	5.46686e-01	5.36099e-01	5.25941e-01	5.20405e-01	4.80589e-01	4.12778e-01	4.11284e-01	4.40788e-01	4.71262e-01	4.57446e-01	4.50575e-01	4.55760e-01	4.77716e-01	4.81376e-01	4.53365e-01	4.22572e-01	4.04081e-01	3.93175e-01	3.88110e-01	4.03166e-01	4.44724e-01	4.52004e-01	4.67084e-01	4.78543e-01	4.74836e-01	4.60388e-01	4.77861e-01	4.83983e-01	4.57462e-01	4.36945e-01	5.43439e-01	5.51477e-01	5.43076e-01	5.28306e-01	5.43839e-01	5.12451e-01	5.05022e-01	5.17251e-01	5.22096e-01	5.16122e-01	4.94408e-01	5.04584e-01	5.22229e-01	5.06890e-01	5.13292e-01	4.90431e-01	4.73127e-01	4.57542e-01	8.68752e-01	9.33793e-01	6.85616e-01	4.60104e-01	4.03411e-01	3.99999e-01
4.44318e-01	3.91434e-01	3.78687e-01	4.84635e-01	4.82603e-01	4.06544e-01	5.22617e-01	4.66125e-01	4.11646e-01	4.71700e-01	5.03390e-01	5.14501e-01	7.80024e-01	1.00000e+00	8.15475e-01	5.15476e-01	4.64138e-01	4.50247e-01	4.58015e-01	4.64771e-01	4.44774e-01	4.67073e-01	5.04258e-01	5.28690e-01	5.22705e-01	5.07922e-01	4.92273e-01	4.96152e-01	5.14000e-01	5.13798e-01	5.06936e-01	4.90908e-01	4.80336e-01	4.81046e-01	4.91915e-01	4.93711e-01	4.93914e-01	5.04514e-01	5.12322e-01	5.10224e-01	4.91796e-01	4.77398e-01	4.90355e-01	5.11488e-01	5.14753e-01	5.12947e-01	5.11451e-01	5.10442e-01	5.09405e-01	5.26449e-01	4.99593e-01	4.31147e-01	4.19205e-01	4.30431e-01	4.47896e-01	4.31692e-01	4.38249e-01	4.42258e-01	4.49119e-01	4.57956e-01	4.37339e-01	4.37620e-01	4.49495e-01	4.47067e-01	4.38550e-01	4.38255e-01	4.60233e-01	4.76000e-01	4.96269e-01	5.01934e-01	4.95966e-01	4.86647e-01	4.94756e-01	4.96567e-01	4.77234e-01	4.63256e-01	5.41230e-01	5.47418e-01	5.39532e-01	5.30433e-01	5.30791e-01	5.13365e-01	5.07310e-01	5.09556e-01	5.08694e-01	5.03309e-01	4.89849e-01	4.88687e-01	5.11658e-01	5.03050e-01	4.98296e-01	4.91865e-01	4.66147e-01	4.66104e-01	5.45304e-01	8.27772e-01	9.43316e-01	6.86266e-01	4.76815e-01	4.41282e-01
4.37638e-01	4.43294e-01	4.22841e-01	4.80397e-01	4.99298e-01	4.51156e-01	5.42756e-01	4.98894e-01	4.54194e-01	5.02236e-01	4.81867e-01	4.05069e-01	5.22549e-01	8.15475e-01	1.00000e+00	8.24529e-01	7.12364e-01	5.86559e-01	5.24120e-01	4.96452e-01	4.29466e-01	4.25430e-01	4.36992e-01	4.62560e-01	4.83917e-01	4.79784e-01	4.67499e-01	4.73924e-01	4.79672e-01	4.75833e-01	4.78578e-01	4.80571e-01	4.81326e-01	4.86522e-01	4.99425e-01	4.96202e-01	4.91612e-01	4.94969e-01	5.00049e-01	5.03973e-01	4.99666e-01	4.88117e-01	4.71557e-01	4.49884e-01	4.47927e-01	4.55285e-01	4.70597e-01	4.80727e-01	4.87297e-01	5.07600e-01	4.99915e-01	4.55331e-01	4.42210e-01	4.38759e-01	4.35161e-01	4.00244e-01	4.15610e-01	4.24271e-01	4.25462e-01	4.44042e-01	4.30441e-01	4.34468e-01	4.70530e-01	4.79786e-01	4.78038e-01	4.65689e-01	4.63206e-01	4.74145e-01	4.82622e-01	4.76462e-01	4.74804e-01	4.76088e-01	4.78307e-01	4.82869e-01	4.86388e-01	4.90505e-01	5.20971e-01	5.21099e-01	5.13694e-01	5.16788e-01	5.25711e-01	5.03410e-01	4.93512e-01	4.89289e-01	4.77540e-01	4.67150e-01	4.76766e-01	4.82747e-01	4.98608e-01	4.90223e-01	4.79934e-01	4.88862e-01	4.89264e-01	4.93583e-01	4.06385e-01	5.68885e-01	8.39963e-01	9.30199e-01	7.53331e-01	6.33557e-01
4.45364e-01	4.69245e-01	4.68091e-01	4.85577e-01	4.87758e-01	4.78454e-01	5.43944e-01	5.07689e-01	4.86568e-01	5.15689e-01	4.74900e-01	4.09023e-01	4.08663e-01	5.15476e-01	8.24529e-01	1.00000e+00	9.59843e-01	8.13446e-01	6.74947e-01	5.71436e-01	4.34117e-01	4.19321e-01	4.17331e-01	4.41101e-01	4.70672e-01	4.73474e-01	4.71085e-01	4.73718e-01	4.77224e-01	4.74182e-01	4.80160e-01	4.86117e-01	4.82211e-01	4.77242e-01	4.81230e-01	4.81066e-01	4.82582e-01	4.84698e-01	4.79829e-01	4.76243e-01	4.81340e-01	4.82562e-01	4.65565e-01	4.35190e-01	4.30278e-01	4.35031e-01	4.46131e-01	4.56389e-01	4.72678e-01	5.02197e-01	5.01557e-01	4.79988e-01	4.68644e-01	4.53354e-01	4.36851e-01	4.12003e-01	4.31533e-01	4.34186e-01	4.15722e-01	4.31440e-01	4.34256e-01	4.40641e-01	4.76230e-01	4.88797e-01	4.91228e-01	4.66819e-01	4.57720e-01	4.73467e-01	4.67186e-01	4.48632e-01	4.47379e-01	4.60749e-01	4.72829e-01	4.83553e-01	4.90689e-01	4.96699e-01	4.89477e-01	4.85253e-01	4.83047e-01	4.94664e-01	5.07130e-01	4.87490e-01	4.84049e-01	4.74002e-01	4.57826e-01	4.45620e-01	4.65145e-01	4.76977e-01	4.76409e-01	4.80013e-01	4.75843e-01	4.77612e-01	5.01605e-01	5.07981e-01	3.99132e-01	4.31030e-01	5.81076e-01	8.80768e-01	9.63982e-01	8.89162e-01
4.42677e-01	4.79542e-01	4.86557e-01	4.91088e-01	4.82124e-01	4.89727e-01	5.44598e-01	5.08552e-01	4.97322e-01	5.11737e-01	4.76198e-01	4.08886e-01	3.97651e-01	4.64138e-01	7.12364e-01	9.59843e-01	1.00000e+00	9.28910e-01	7.91683e-01	6.44852e-01	4.25051e-01	4.08742e-01	4.08367e-01	4.34122e-01	4.61984e-01	4.69483e-01	4.71820e-01	4.72768e-01	4.74296e-01	4.75024e-01	4.81409e-01	4.86044e-01	4.81745e-01	4.75409e-01	4.72684e-01	4.73579e-01	4.77613e-01	4.77363e-01	4.69340e-01	4.65853e-01	4.72570e-01	4.74160e-01	4.57619e-01	4.35229e-01	4.32032e-01	4.34711e-01	4.40884e-01	4.47996e-01	4.66179e-01	5.03607e-01	5.03506e-01	4.85909e-01	4.76934e-01	4.60162e-01	4.42950e-01	4.31331e-01	4.52687e-01	4.48946e-01	4.15125e-01	4.23789e-01	4.33722e-01	4.45916e-01	4.79609e-01	4.93585e-01	4.97280e-01	4.64785e-01	4.52915e-01	4.77308e-01	4.71224e-01	4.50723e-01	4.48901e-01	4.68135e-01	4.85481e-01	4.96943e-01	4.99113e-01	5.00641e-01	4.80934e-01	4.76115e-01	4.75032e-01	4.85152e-01	4.90216e-01	4.82906e-01	4.80724e-01	4.66303e-01	4.55768e-01	4.48909e-01	4.68364e-01	4.78383e-01	4.72684e-01	4.80130e-01	4.79454e-01	4.80124e-01	5.00995e-01	5.08365e-01	3.93536e-01	4.14797e-01	5.15498e-01	7.72221e-01	9.39213e-01	9.48343e-01
4.42697e-01	4.90286e-01	5.02161e-01	4.99480e-01	4.83046e-01	4.99431e-01	5.42321e-01	5.09743e-01	5.04158e-01	4.99025e-01	4.86878e-01	4.05335e-01	4.00068e-01	4.50247e-01	5.86559e-01	8.13446e-01	9.28910e-01	1.00000e+00	9.41635e-01	7.89745e-01	4.17893e-01	4.02808e-01	4.07072e-01	4.29819e-01	4.46774e-01	4.62337e-01	4.66500e-01	4.62168e-01	4.58235e-01	4.63186e-01	4.71459e-01	4.78716e-01	4.78856e-01	4.74745e-01	4.64833e-01	4.63499e-01	4.67423e-01	4.65899e-01	4.58204e-01	4.56194e-01	4.62993e-01	4.65821e-01	4.54143e-01	4.39502e-01	4.35270e-01	4.34029e-01	4.34864e-01	4.40544e-01	4.60935e-01	5.00184e-01	5.00422e-01	4.90902e-01	4.88966e-01	4.73243e-01	4.57101e-01	4.64117e-01	4.87489e-01	4.77632e-01	4.27645e-01	4.26903e-01	4.47029e-01	4.64000e-01	4.84184e-01	4.96495e-01	5.01741e-01	4.69071e-01	4.58667e-01	4.92724e-01	4.91608e-01	4.71189e-01	4.65787e-01	4.87174e-01	5.04699e-01	5.11976e-01	5.05994e-01	5.04661e-01	4.77337e-01	4.73885e-01	4.73545e-01	4.80235e-01	4.73337e-01	4.86047e-01	4.84552e-01	4.62770e-01	4.59205e-01	4.61280e-01	4.78593e-01	4.83999e-01	4.75428e-01	4.84250e-01	4.85316e-01	4.86219e-01	4.96167e-01	5.04079e-01	3.87191e-01	4.15093e-01	4.77744e-01	6.33936e-01	8.22835e-01	9.29814e-01
4.39952e-01	4.99183e-01	5.15458e-01	5.09504e-01	4.92532e-01	5.10192e-01	5.35877e-01	5.09316e-01	5.10952e-01	4.90393e-01	5.06266e-01	4.01255e-01	4.07980e-01	4.58015e-01	5.24120e-01	6.74947e-01	7.91683e-01	9.41635e-01	1.00000e+00	9.32323e-01	4.17774e-01	4.09451e-01	4.19181e-01	4.36467e-01	4.44104e-01	4.63761e-01	4.64647e-01	4.55108e-01	4.49833e-01	4.59908e-01	4.69654e-01	4.75466e-01	4.74708e-01	4.71359e-01	4.64063e-01	4.61446e-01	4.61491e-01	4.58143e-01	4.51769e-01	4.53133e-01	4.61607e-01	4.67844e-01	4.62784e-01	4.49319e-01	4.42716e-01	4.38733e-01	4.36753e-01	4.41731e-01	4.61156e-01	4.97111e-01	5.03832e-01	4.98295e-01	4.96825e-01	4.78688e-01	4.63053e-01	4.80248e-01	5.04607e-01	4.94860e-01	4.42086e-01	4.37374e-01	4.61315e-01	4.79213e-01	4.85506e-01	4.93251e-01	4.99551e-01	4.78786e-01	4.74431e-01	5.10098e-01	5.13925e-01	4.92048e-01	4.80200e-01	4.97348e-01	5.13361e-01	5.18430e-01	5.09041e-01	5.05271e-01	4.89136e-01	4.84093e-01	4.81379e-01	4.85355e-01	4.70957e-01	4.94494e-01	4.87785e-01	4.63493e-01	4.64594e-01	4.73678e-01	4.89389e-01	4.90001e-01	4.79239e-01	4.93832e-01	4.93276e-01	4.94328e-01	4.94616e-01	4.97764e-01	3.88551e-01	4.23848e-01	4.70432e-01	5.55875e-01	6.95779e-01	8.22737e-01
4.39913e-01	5.11246e-01	5.31249e-01	5.15466e-01	5.08879e-01	5.24918e-01	5.28140e-01	5.04759e-01	5.22223e-01	4.85692e-01	5.24671e-01	4.04672e-01	4.17206e-01	4.64771e-01	4.96452e-01	5.71436e-01	6.44852e-01	7.89745e-01	9.32323e-01	1.00000e+00	4.27322e-01	4.27177e-01	4.40277e-01	4.55034e-01	4.62145e-01	4.77344e-01	4.67876e-01	4.54042e-01	4.57278e-01	4.73624e-01	4.80236e-01	4.76363e-01	4.68426e-01	4.64659e-01	4.70331e-01	4.74202e-01	4.70863e-01	4.63767e-01	4.57606e-01	4.62554e-01	4.73693e-01	4.81295e-01	4.79354e-01	4.65162e-01	4.56560e-01	4.50964e-01	4.47683e-01	4.50682e-01	4.65139e-01	4.97931e-01	5.13927e-01	5.06733e-01	5.00302e-01	4.78751e-01	4.64874e-01	4.82978e-01	5.03539e-01	5.00561e-01	4.63869e-01	4.57456e-01	4.73164e-01	4.84420e-01	4.83681e-01	4.87005e-01	4.94478e-01	4.88734e-01	4.87412e-01	5.15841e-01	5.23851e-01	5.01998e-01	4.85391e-01	4.97185e-01	5.13280e-01	5.17698e-01	5.07206e-01	5.00383e-01	5.09438e-01	5.00691e-01	4.95321e-01	4.97478e-01	4.77922e-01	4.97070e-01	4.85696e-01	4.65821e-01	4.71862e-01	4.86375e-01	5.00308e-01	4.95563e-01	4.86366e-01	5.01129e-01	4.97324e-01	5.07642e-01	5.01002e-01	4.90898e-01	4.01753e-01	4.36485e-01	4.74273e-01	5.19254e-01	5.94572e-01	6.88603e-01
9.37102e-01	3.39728e-01	3.41657e-01	4.51546e-01	4.41199e-01	3.66542e-01	5.15307e-01	4.68757e-01	3.74460e-01	4.68871e-01	4.97121e-01	8.14138e-01	5.71809e-01	4.44774e-01	4.29466e-01	4.34117e-01	4.25051e-01	4.17893e-01	4.17774e-01	4.27322e-01	1.00000e+00	9.46226e-01	7.75939e-01	6.03880e-01	5.37481e-01	5.38660e-01	5.34847e-01	5.46860e-01	5.53157e-01	5.41982e-01	5.23539e-01	5.06424e-01	4.88221e-01	4.78297e-01	4.92270e-01	5.10337e-01	5.12358e-01	5.24394e-01	5.21513e-01	4.95057e-01	4.83692e-01	4.99014e-01	5.26554e-01	5.48462e-01	5.52719e-01	5.57614e-01	5.56725e-01	5.43410e-01	5.18123e-01	5.00211e-01	4.72095e-01	4.46969e-01	4.54015e-01	4.75911e-01	4.86003e-01	4.41338e-01	4.15592e-01	4.15396e-01	4.66368e-01	4.86767e-01	4.41661e-01	4.06221e-01	4.15987e-01	4.19298e-01	4.28945e-01	4.46226e-01	4.72481e-01	4.54717e-01	4.45038e-01	4.59272e-01	4.78355e-01	4.80431e-01	4.76026e-01	4.63505e-01	4.52845e-01	4.62713e-01	5.43265e-01	5.31179e-01	5.10080e-01	5.00760e-01	5.15875e-01	5.03585e-01	4.89775e-01	5.14427e-01	5.17759e-01	4.95649e-01	4.83605e-01	5.08749e-01	5.16848e-01	5.18847e-01	5.00105e-01	4.82633e-01	4.77797e-01	4.69503e-01	8.06950e-01	5.08626e-01	4.28283e-01	4.38293e-01	4.47698e-01	4.37772e-01
8.07579e-01	3.11680e-01	3.18375e-01	4.47960e-01	4.37514e-01	3.40462e-01	5.00857e-01	4.51028e-01	3.40962e-01	4.64789e-01	4.93799e-01	7.95844e-01	6.17204e-01	4.67073e-01	4.25430e-01	4.19321e-01	4.08742e-01	4.02808e-01	4.09451e-01	4.27177e-01	9.46226e-01	1.00000e+00	9.18653e-01	7.46268e-01	5.94537e-01	5.50105e-01	5.39517e-01	5.48263e-01	5.54451e-01	5.47615e-01	5.28720e-01	5.03877e-01	4.77739e-01	4.65567e-01	4.88091e-01	5.15765e-01	5.22225e-01	5.32700e-01	5.23270e-01	4.90779e-01	4.77012e-01	4.93551e-01	5.25153e-01	5.46765e-01	5.49547e-01	5.52956e-01	5.50630e-01	5.35665e-01	5.08923e-01	4.95250e-01	4.71353e-01	4.36133e-01	4.46939e-01	4.75601e-01	4.91814e-01	4.45891e-01	4.14273e-01	4.12179e-01	4.65165e-01	4.85294e-01	4.37640e-01	4.04123e-01	4.06724e-01	4.06824e-01	4.16577e-01	4.37685e-01	4.69849e-01	4.58518e-01	4.57346e-01	4.71995e-01	4.82622e-01	4.79946e-01	4.81136e-01	4.70848e-01	4.51418e-01	4.48985e-01	5.54127e-01	5.44995e-01	5.22001e-01	5.05636e-01	5.24089e-01	5.07800e-01	4.82794e-01	5.07168e-01	5.10777e-01	4.85941e-01	4.75467e-01	5.06347e-01	5.12231e-01	5.14700e-01	5.03059e-01	4.91801e-01	4.73285e-01	4.53619e-01	8.48532e-01	5.67768e-01	4.45527e-01	4.26892e-01	4.31545e-01	4.22170e-01
6.42926e-01	3.09685e-01	3.11176e-01	4.58874e-01	4.54890e-01	3.34212e-01	4.93076e-01	4.43573e-01	3.29006e-01	4.72332e-01	4.95343e-01	7.15819e-01	6.47455e-01	5.04258e-01	4.36992e-01	4.17331e-01	4.08367e-01	4.07072e-01	4.19181e-01	4.40277e-01	7.75939e-01	9.18653e-01	1.00000e+00	9.21605e-01	6.99334e-01	5.81535e-01	5.42988e-01	5.40120e-01	5.43457e-01	5.39935e-01	5.23989e-01	4.96983e-01	4.69125e-01	4.58601e-01	4.82259e-01	5.12471e-01	5.23259e-01	5.34122e-01	5.22963e-01	4.91766e-01	4.77936e-01	4.91908e-01	5.18363e-01	5.27220e-01	5.27249e-01	5.27417e-01	5.24714e-01	5.13497e-01	4.95550e-01	4.96769e-01	4.90585e-01	4.50171e-01	4.57382e-01	4.82608e-01	4.96788e-01	4.53937e-01	4.28343e-01	4.26034e-01	4.62123e-01	4.75186e-01	4.32106e-01	4.13778e-01	4.16685e-01	4.13912e-01	4.19812e-01	4.35960e-01	4.61505e-01	4.60773e-01	4.77424e-01	4.93314e-01	4.94478e-01	4.89523e-01	4.97777e-01	4.90112e-01	4.59817e-01	4.41433e-01	5.48414e-01	5.48803e-01	5.31302e-01	5.11638e-01	5.25543e-01	5.00500e-01	4.83914e-01	5.04168e-01	5.02109e-01	4.76606e-01	4.70432e-01	5.00458e-01	5.04645e-01	4.93098e-01	4.96889e-01	5.02012e-01	4.72958e-01	4.47847e-01	8.07307e-01	6.35279e-01	4.85148e-01	4.28825e-01	4.26617e-01	4.22983e-01
5.24585e-01	3.59236e-01	3.50365e-01	4.80124e-01	4.79652e-01	3.70156e-01	5.02891e-01	4.52194e-01	3.67549e-01	4.82180e-01	5.00253e-01	5.94529e-01	6.16387e-01	5.28690e-01	4.62560e-01	4.41101e-01	4.34122e-01	4.29819e-01	4.36467e-01	4.55034e-01	6.03880e-01	7.46268e-01	9.21605e-01	1.00000e+00	8.49882e-01	6.61915e-01	5.70252e-01	5.46112e-01	5.33451e-01	5.25773e-01	5.14796e-01	4.93962e-01	4.70643e-01	4.63267e-01	4.82762e-01	5.09216e-01	5.22172e-01	5.33599e-01	5.24937e-01	5.01091e-01	4.89628e-01	4.98835e-01	5.16119e-01	5.09486e-01	5.05633e-01	5.01655e-01	4.98355e-01	4.92971e-01	4.88799e-01	5.12313e-01	5.24271e-01	4.77409e-01	4.67674e-01	4.75637e-01	4.78265e-01	4.41325e-01	4.33992e-01	4.35716e-01	4.56642e-01	4.67176e-01	4.35226e-01	4.32106e-01	4.38110e-01	4.33050e-01	4.30323e-01	4.34295e-01	4.51471e-01	4.63323e-01	4.94130e-01	5.11012e-01	5.06531e-01	4.98982e-01	5.08065e-01	5.02971e-01	4.73619e-01	4.49501e-01	5.35902e-01	5.42520e-01	5.35033e-01	5.18589e-01	5.19750e-01	4.89313e-01	4.89191e-01	5.04358e-01	4.99744e-01	4.80684e-01	4.78514e-01	4.93806e-01	4.96468e-01	4.66310e-01	4.73570e-01	4.88096e-01	4.65148e-01	4.52947e-01	6.83293e-01	6.41748e-01	5.15769e-01	4.47519e-01	4.45474e-01	4.47308e-01
5.12598e-01	4.32821e-01	4.12085e-01	4.86477e-01	4.81731e-01	4.25141e-01	5.27444e-01	4.61960e-01	4.36610e-01	4.84624e-01	4.92781e-01	5.31113e-01	5.63074e-01	5.22705e-01	4.83917e-01	4.70672e-01	4.61984e-01	4.46774e-01	4.44104e-01	4.62145e-01	5.37481e-01	5.94537e-01	6.99334e-01	8.49882e-01	1.00000e+00	8.71069e-01	6.82462e-01	5.90359e-01	5.48813e-01	5.30899e-01	5.15711e-01	4.95309e-01	4.73962e-01	4.69977e-01	4.94135e-01	5.21927e-01	5.34355e-01	5.44071e-01	5.38345e-01	5.22228e-01	5.12642e-01	5.16708e-01	5.24857e-01	5.07587e-01	4.98385e-01	4.91687e-01	4.87705e-01	4.88020e-01	4.95912e-01	5.32586e-01	5.37355e-01	4.80448e-01	4.50428e-01	4.40471e-01	4.36756e-01	4.12121e-01	4.27406e-01	4.38524e-01	4.62654e-01	4.74285e-01	4.44400e-01	4.36922e-01	4.43144e-01	4.39407e-01	4.32305e-01	4.26611e-01	4.35722e-01	4.49997e-01	4.91651e-01	5.06579e-01	4.99324e-01	4.92237e-01	4.95336e-01	4.88250e-01	4.68234e-01	4.54601e-01	5.38675e-01	5.42252e-01	5.36768e-01	5.24661e-01	5.23633e-01	5.00761e-01	4.96636e-01	4.92627e-01	4.79184e-01	4.69771e-01	4.91799e-01	5.00091e-01	4.97472e-01	4.63997e-01	4.57552e-01	4.68677e-01	4.61846e-01	4.59867e-01	5.82416e-01	5.90329e-01	5.12176e-01	4.70512e-01	4.69810e-01	4.67019e-01
5.35647e-01	4.33961e-01	4.24822e-01	4.87321e-01	4.74613e-01	4.41260e-01	5.38109e-01	4.69638e-01	4.52563e-01	4.88222e-01	5.01263e-01	5.36016e-01	5.39132e-01	5.07922e-01	4.79784e-01	4.73474e-01	4.69483e-01	4.62337e-01	4.63761e-01	4.77344e-01	5.38660e-01	5.50105e-01	5.81535e-01	6.61915e-01	8.71069e-01	1.00000e+00	8.69406e-01	6.67234e-01	5.84438e-01	5.61627e-01	5.35703e-01	5.08123e-01	4.89106e-01	4.88939e-01	5.01837e-01	5.16197e-01	5.29435e-01	5.41232e-01	5.34283e-01	5.12704e-01	5.06283e-01	5.14122e-01	5.21409e-01	4.99319e-01	4.90607e-01	4.88444e-01	4.90254e-01	4.94162e-01	5.01638e-01	5.23673e-01	5.09846e-01	4.73792e-01	4.50282e-01	4.41512e-01	4.44595e-01	4.31807e-01	4.41596e-01	4.49562e-01	4.71719e-01	4.76619e-01	4.42430e-01	4.34852e-01	4.40857e-01	4.35807e-01	4.28538e-01	4.32487e-01	4.45916e-01	4.52216e-01	4.82789e-01	4.77587e-01	4.63599e-01	4.68455e-01	4.83110e-01	4.81052e-01	4.61318e-01	4.55615e-01	5.35283e-01	5.31987e-01	5.20822e-01	5.10281e-01	5.13884e-01	5.01364e-01	4.96123e-01	4.83071e-01	4.65560e-01	4.63790e-01	5.05999e-01	5.16190e-01	4.94194e-01	4.75604e-01	4.79929e-01	4.87179e-01	4.82628e-01	4.70068e-01	5.56165e-01	5.53701e-01	5.10931e-01	4.76987e-01	4.76045e-01	4.74902e-01
5.27749e-01	4.57671e-01	4.58353e-01	5.09049e-01	4.82263e-01	4.75376e-01	5.18971e-01	4.77259e-01	4.84656e-01	4.81036e-01	4.97035e-01	5.20606e-01	5.17396e-01	4.92273e-01	4.67499e-01	4.71085e-01	4.71820e-01	4.66500e-01	4.64647e-01	4.67876e-01	5.34847e-01	5.39517e-01	5.42988e-01	5.70252e-01	6.82462e-01	8.69406e-01	1.00000e+00	8.62315e-01	6.73311e-01	5.99812e-01	5.53972e-01	5.25570e-01	5.11455e-01	5.11037e-01	5.10308e-01	5.06129e-01	5.07966e-01	5.08400e-01	4.95760e-01	4.74122e-01	4.73493e-01	4.84723e-01	4.97037e-01	4.83039e-01	4.77520e-01	4.81694e-01	4.90746e-01	4.97150e-01	5.02877e-01	5.18309e-01	5.06957e-01	4.78770e-01	4.56598e-01	4.53953e-01	4.61921e-01	4.42309e-01	4.33192e-01	4.38471e-01	4.62345e-01	4.73513e-01	4.58475e-01	4.59353e-01	4.52874e-01	4.41134e-01	4.30735e-01	4.41861e-01	4.71834e-01	4.74445e-01	4.71558e-01	4.55684e-01	4.48724e-01	4.60646e-01	4.79012e-01	4.76882e-01	4.55777e-01	4.58516e-01	5.35812e-01	5.25522e-01	5.18037e-01	5.06691e-01	5.05087e-01	5.01069e-01	5.14804e-01	5.11246e-01	4.92121e-01	4.84546e-01	5.11994e-01	5.15878e-01	5.02181e-01	4.93873e-01	4.83017e-01	4.81304e-01	4.86859e-01	4.79926e-01	5.30069e-01	5.20081e-01	4.96902e-01	4.73371e-01	4.76232e-01	4.72196e-01
5.35796e-01	4.61149e-01	4.52382e-01	5.20696e-01	4.85946e-01	4.82088e-01	5.28813e-01	4.78839e-01	4.92131e-01	4.82766e-01	4.88844e-01	5.31260e-01	5.26502e-01	4.96152e-01	4.73924e-01	4.73718e-01	4.72768e-01	4.62168e-01	4.55108e-01	4.54042e-01	5.46860e-01	5.48263e-01	5.40120e-01	5.46112e-01	5.90359e-01	6.67234e-01	8.62315e-01	1.00000e+00	8.50818e-01	6.83595e-01	5.82617e-01	5.43749e-01	5.25984e-01	5.15202e-01	5.07502e-01	5.06349e-01	5.04149e-01	4.94628e-01	4.77258e-01	4.61835e-01	4.63897e-01	4.71577e-01	4.81298e-01	4.78187e-01	4.78450e-01	4.81242e-01	4.85853e-01	4.86262e-01	4.86898e-01	5.04299e-01	5.15046e-01	4.87595e-01	4.53423e-01	4.44717e-01	4.53310e-01	4.41198e-01	4.36723e-01	4.42437e-01	4.62514e-01	4.74961e-01	4.72419e-01	4.74754e-01	4.63213e-01	4.48251e-01	4.32711e-01	4.38230e-01	4.74937e-01	4.84556e-01	4.71886e-01	4.59411e-01	4.58304e-01	4.65105e-01	4.84245e-01	4.86902e-01	4.68595e-01	4.68709e-01	5.20738e-01	5.08381e-01	5.02569e-01	4.95105e-01	4.96668e-01	5.02851e-01	5.28310e-01	5.30620e-01	5.13788e-01	4.99729e-01	5.00446e-01	4.88653e-01	4.99338e-01	5.03118e-01	4.78573e-01	4.74487e-01	4.86786e-01	4.85992e-01	5.38566e-01	5.17088e-01	4.88865e-01	4.73572e-01	4.74389e-01	4.66123e-01
5.43022e-01	4.56805e-01	4.41882e-01	5.23309e-01	4.82542e-01	4.92223e-01	5.64390e-01	4.86301e-01	4.97940e-01	4.89531e-01	4.89941e-01	5.64100e-01	5.61914e-01	5.14000e-01	4.79672e-01	4.77224e-01	4.74296e-01	4.58235e-01	4.49833e-01	4.57278e-01	5.53157e-01	5.54451e-01	5.43457e-01	5.33451e-01	5.48813e-01	5.84438e-01	6.73311e-01	8.50818e-01	1.00000e+00	9.02120e-01	7.31784e-01	6.05843e-01	5.41407e-01	5.12345e-01	4.96628e-01	5.02844e-01	5.01505e-01	4.95116e-01	4.87365e-01	4.85397e-01	4.87474e-01	4.89327e-01	5.00193e-01	5.07413e-01	5.11009e-01	5.10223e-01	5.05598e-01	4.91384e-01	4.72109e-01	4.75453e-01	4.89162e-01	4.61702e-01	4.32717e-01	4.26311e-01	4.38289e-01	4.32403e-01	4.44140e-01	4.53689e-01	4.69274e-01	4.76889e-01	4.70143e-01	4.60202e-01	4.46785e-01	4.28565e-01	4.09573e-01	4.20370e-01	4.58894e-01	4.64150e-01	4.61375e-01	4.51596e-01	4.45883e-01	4.46239e-01	4.73955e-01	4.88597e-01	4.75877e-01	4.78880e-01	5.03075e-01	4.96484e-01	4.95178e-01	4.94633e-01	5.00296e-01	4.89379e-01	5.15671e-01	5.12975e-01	4.94270e-01	4.90539e-01	5.04342e-01	4.86603e-01	4.78950e-01	4.83923e-01	4.88246e-01	4.96463e-01	5.02702e-01	4.96440e-01	5.68288e-01	5.39049e-01	4.94632e-01	4.76438e-01	4.79444e-01	4.68638e-01
5.30853e-01	4.57645e-01	4.46179e-01	5.27664e-01	4.93133e-01	5.00689e-01	5.68511e-01	4.90871e-01	5.02522e-01	5.13686e-01	4.95087e-01	5.48337e-01	5.53879e-01	5.13798e-01	4.75833e-01	4.74182e-01	4.75024e-01	4.63186e-01	4.59908e-01	4.73624e-01	5.41982e-01	5.47615e-01	5.39935e-01	5.25773e-01	5.30899e-01	5.61627e-01	5.99812e-01	6.83595e-01	9.02120e-01	1.00000e+00	9.20677e-01	7.53652e-01	6.07046e-01	5.18921e-01	4.93984e-01	5.05774e-01	5.07425e-01	5.05815e-01	5.00525e-01	4.94868e-01	4.90906e-01	4.93112e-01	5.11149e-01	5.25164e-01	5.27745e-01	5.22713e-01	5.09220e-01	4.87425e-01	4.63881e-01	4.69469e-01	4.86148e-01	4.65128e-01	4.46798e-01	4.39148e-01	4.41358e-01	4.29783e-01	4.48437e-01	4.57859e-01	4.59039e-01	4.63197e-01	4.51817e-01	4.42359e-01	4.47426e-01	4.35681e-01	4.19248e-01	4.27362e-01	4.55066e-01	4.46282e-01	4.39825e-01	4.33238e-01	4.32356e-01	4.36685e-01	4.67319e-01	4.88575e-01	4.84752e-01	4.87326e-01	4.94111e-01	4.86620e-01	4.86147e-01	4.85683e-01	4.83223e-01	4.72418e-01	4.97238e-01	4.99590e-01	4.84153e-01	4.83994e-01	5.11554e-01	4.99349e-01	4.65381e-01	4.77652e-01	5.05505e-01	5.13091e-01	5.09911e-01	4.98550e-01	5.54069e-01	5.34858e-01	4.94205e-01	4.72657e-01	4.74386e-01	4.66456e-01
5.13859e-01	4.52214e-01	4.49356e-01	5.23868e-01	4.89575e-01	4.89400e-01	5.52590e-01	4.87814e-01	4.97398e-01	5.33212e-01	5.00528e-01	5.16703e-01	5.30913e-01	5.06936e-01	4.78578e-01	4.80160e-01	4.81409e-01	4.71459e-01	4.69654e-01	4.80236e-01	5.23539e-01	5.28720e-01	5.23989e-01	5.14796e-01	5.15711e-01	5.35703e-01	5.53972e-01	5.82617e-01	7.31784e-01	9.20677e-01	1.00000e+00	9.18932e-01	7.48397e-01	5.87071e-01	5.05581e-01	4.96531e-01	4.99271e-01	5.05408e-01	5.02402e-01	4.90568e-01	4.81931e-01	4.87939e-01	5.11868e-01	5.28456e-01	5.31185e-01	5.23260e-01	5.04480e-01	4.81343e-01	4.63061e-01	4.74939e-01	4.92283e-01	4.80575e-01	4.67967e-01	4.58050e-01	4.54667e-01	4.46104e-01	4.62287e-01	4.66149e-01	4.56418e-01	4.59462e-01	4.47719e-01	4.41340e-01	4.54510e-01	4.46609e-01	4.32472e-01	4.36848e-01	4.58618e-01	4.51375e-01	4.49637e-01	4.46807e-01	4.44642e-01	4.49110e-01	4.72648e-01	4.91650e-01	4.92955e-01	4.90523e-01	4.89303e-01	4.77239e-01	4.70647e-01	4.67495e-01	4.61138e-01	4.57261e-01	4.73404e-01	4.82602e-01	4.78370e-01	4.78622e-01	5.05350e-01	5.03327e-01	4.72732e-01	4.88391e-01	5.15108e-01	5.08424e-01	5.02535e-01	4.93138e-01	5.24953e-01	5.23388e-01	4.93875e-01	4.79098e-01	4.80000e-01	4.73573e-01
5.02071e-01	4.61444e-01	4.58962e-01	5.04229e-01	4.85060e-01	4.81946e-01	5.23237e-01	4.82563e-01	4.97560e-01	5.37834e-01	5.06284e-01	4.93854e-01	5.03293e-01	4.90908e-01	4.80571e-01	4.86117e-01	4.86044e-01	4.78716e-01	4.75466e-01	4.76363e-01	5.06424e-01	5.03877e-01	4.96983e-01	4.93962e-01	4.95309e-01	5.08123e-01	5.25570e-01	5.43749e-01	6.05843e-01	7.53652e-01	9.18932e-01	1.00000e+00	9.23351e-01	7.45827e-01	5.66271e-01	4.96934e-01	4.89437e-01	4.93548e-01	4.93557e-01	4.85906e-01	4.79086e-01	4.82641e-01	4.95699e-01	5.12187e-01	5.20749e-01	5.15707e-01	4.98779e-01	4.77779e-01	4.63522e-01	4.77379e-01	4.97691e-01	4.92938e-01	4.76973e-01	4.64256e-01	4.63611e-01	4.66998e-01	4.80014e-01	4.79158e-01	4.64182e-01	4.64776e-01	4.54085e-01	4.48131e-01	4.61761e-01	4.56203e-01	4.45596e-01	4.48807e-01	4.67218e-01	4.64246e-01	4.66436e-01	4.64934e-01	4.62141e-01	4.69316e-01	4.78685e-01	4.88201e-01	4.93655e-01	4.89639e-01	4.85163e-01	4.73039e-01	4.60839e-01	4.56903e-01	4.50732e-01	4.47001e-01	4.61691e-01	4.73273e-01	4.78954e-01	4.78910e-01	4.90397e-01	4.98323e-01	4.94552e-01	5.03153e-01	5.15687e-01	5.01396e-01	4.97145e-01	4.88957e-01	4.97978e-01	4.99539e-01	4.83061e-01	4.84037e-01	4.86359e-01	4.82763e-01
4.91234e-01	4.94545e-01	4.81676e-01	4.86118e-01	4.97307e-01	4.91214e-01	4.92298e-01	4.78417e-01	5.07309e-01	5.28236e-01	4.97130e-01	4.80536e-01	4.79869e-01	4.80336e-01	4.81326e-01	4.82211e-01	4.81745e-01	4.78856e-01	4.74708e-01	4.68426e-01	4.88221e-01	4.77739e-01	4.69125e-01	4.70643e-01	4.73962e-01	4.89106e-01	5.11455e-01	5.25984e-01	5.41407e-01	6.07046e-01	7.48397e-01	9.23351e-01	1.00000e+00	9.23829e-01	7.08378e-01	5.52503e-01	5.02828e-01	4.81618e-01	4.85236e-01	4.89564e-01	4.88714e-01	4.86869e-01	4.82392e-01	4.91421e-01	5.03736e-01	5.03974e-01	4.94945e-01	4.80829e-01	4.70143e-01	4.78697e-01	4.94205e-01	4.93805e-01	4.77286e-01	4.64288e-01	4.66548e-01	4.73523e-01	4.84357e-01	4.85187e-01	4.74707e-01	4.75194e-01	4.66687e-01	4.58093e-01	4.70471e-01	4.68232e-01	4.62151e-01	4.64875e-01	4.78809e-01	4.77871e-01	4.78674e-01	4.75044e-01	4.74454e-01	4.85472e-01	4.82965e-01	4.82102e-01	4.88052e-01	4.84687e-01	4.86276e-01	4.76286e-01	4.58820e-01	4.53731e-01	4.48126e-01	4.47826e-01	4.67052e-01	4.73333e-01	4.80243e-01	4.79903e-01	4.79389e-01	4.93167e-01	5.02053e-01	5.04364e-01	5.10413e-01	5.01023e-01	4.95219e-01	4.85667e-01	4.75218e-01	4.73153e-01	4.74169e-01	4.81314e-01	4.80480e-01	4.80641e-01
