1.00000e+00	4.69714e-01	4.85391e-01	4.90808e-01	4.58634e-01	5.01634e-01	4.73560e-01	4.74932e-01	4.69359e-01	4.98788e-01	4.77331e-01	7.76319e-01	5.65948e-01	4.95227e-01	4.56768e-01	4.41464e-01	4.47476e-01	4.81650e-01	4.73925e-01	4.64982e-01	8.04759e-01	5.28401e-01	5.17484e-01	5.14802e-01	4.94390e-01	4.69856e-01	4.72663e-01	4.86105e-01	4.95663e-01	4.97382e-01	5.25765e-01	5.33522e-01	5.22720e-01	5.32032e-01	5.39620e-01	5.44025e-01	5.49317e-01	5.44941e-01	5.22793e-01	4.95507e-01	4.99483e-01	5.07028e-01	4.97071e-01	4.91520e-01	5.05774e-01	5.11044e-01	5.05876e-01	4.90137e-01	4.75219e-01	4.74407e-01	4.80868e-01	4.93323e-01	4.98051e-01	4.89100e-01	4.77250e-01	4.76916e-01	4.91299e-01	4.97156e-01	5.00295e-01	4.94191e-01	4.82790e-01	4.80893e-01	4.94689e-01	4.82797e-01	4.60508e-01	4.60672e-01	4.73408e-01	4.57837e-01	4.49539e-01	4.66165e-01	4.86080e-01	4.84727e-01	4.87358e-01	4.91635e-01	4.84869e-01	4.79242e-01	4.95448e-01	4.76493e-01	4.73891e-01	4.88664e-01	5.06454e-01	5.11138e-01	4.85596e-01	4.81202e-01	4.96387e-01	5.12616e-01	5.27368e-01	5.13295e-01	4.83336e-01	4.71773e-01	4.92427e-01	4.88117e-01	4.66421e-01	4.59565e-01	5.91479e-01	5.29618e-01	4.95371e-01	4.72950e-01	4.47183e-01	4.55721e-01
4.69714e-01	1.00000e+00	7.17589e-01	5.14530e-01	6.37284e-01	7.48997e-01	5.60064e-01	5.36533e-01	7.65973e-01	5.58914e-01	5.38200e-01	4.48190e-01	4.39555e-01	4.37121e-01	4.44016e-01	4.49068e-01	4.35176e-01	4.37149e-01	4.40446e-01	4.49430e-01	4.29120e-01	4.31634e-01	4.33286e-01	4.36097e-01	4.42488e-01	4.40987e-01	4.48956e-01	4.63057e-01	4.86455e-01	5.07198e-01	4.81607e-01	4.58950e-01	4.59473e-01	4.77843e-01	4.99164e-01	5.18591e-01	5.49364e-01	5.58105e-01	5.32997e-01	5.22748e-01	5.58559e-01	5.88690e-01	6.04359e-01	5.68151e-01	5.09040e-01	4.83342e-01	5.05470e-01	5.04992e-01	4.83766e-01	4.73664e-01	4.71183e-01	4.99196e-01	5.09634e-01	5.18212e-01	5.12445e-01	4.95907e-01	4.89853e-01	4.92854e-01	4.88185e-01	4.96367e-01	5.01965e-01	5.06279e-01	4.90067e-01	4.44197e-01	4.52001e-01	4.54317e-01	4.95273e-01	4.78626e-01	4.60708e-01	4.65009e-01	4.83645e-01	4.81473e-01	5.00907e-01	4.78668e-01	4.95326e-01	5.34668e-01	5.57385e-01	5.53775e-01	5.36902e-01	5.09505e-01	4.92375e-01	5.10203e-01	5.14710e-01	5.29587e-01	5.28552e-01	5.22606e-01	5.40757e-01	5.57825e-01	5.49478e-01	5.17635e-01	4.89037e-01	5.08244e-01	5.23586e-01	5.26864e-01	4.12684e-01	4.16284e-01	4.24902e-01	4.48430e-01	4.48795e-01	4.37518e-01
4.85391e-01	7.17589e-01	1.00000e+00	5.14401e-01	6.20777e-01	7.72581e-01	5.70377e-01	5.35468e-01	7.90753e-01	5.25337e-01	5.34254e-01	4.31160e-01	4.18365e-01	4.23791e-01	4.34113e-01	4.31795e-01	4.21420e-01	4.18845e-01	4.26374e-01	4.54902e-01	4.30873e-01	4.02540e-01	4.01110e-01	4.08992e-01	4.20715e-01	4.30922e-01	4.61968e-01	4.65941e-01	4.60165e-01	4.76679e-01	4.73599e-01	4.59780e-01	4.66164e-01	4.88585e-01	5.11960e-01	5.24399e-01	5.26856e-01	5.20906e-01	5.15137e-01	5.32215e-01	5.61720e-01	5.78544e-01	5.82063e-01	5.55878e-01	5.31788e-01	5.15187e-01	5.20637e-01	5.11004e-01	5.03956e-01	5.00146e-01	4.93932e-01	5.08280e-01	5.21262e-01	5.28929e-01	5.19304e-01	5.07010e-01	4.92904e-01	4.86714e-01	4.85434e-01	4.96853e-01	5.08452e-01	5.20595e-01	5.11463e-01	4.80567e-01	4.52442e-01	4.49752e-01	5.03076e-01	4.88201e-01	4.67406e-01	4.48277e-01	4.67472e-01	4.68600e-01	4.72575e-01	4.84428e-01	4.85072e-01	5.17211e-01	5.54809e-01	5.53329e-01	5.40414e-01	5.15511e-01	4.99671e-01	5.17039e-01	5.25300e-01	5.27788e-01	5.49241e-01	5.81658e-01	5.83122e-01	5.62640e-01	5.35830e-01	5.02944e-01	5.03088e-01	5.12516e-01	5.05722e-01	5.16260e-01	3.85636e-01	4.00571e-01	4.21912e-01	4.58587e-01	4.52095e-01	4.47057e-01
4.90808e-01	5.14530e-01	5.14401e-01	1.00000e+00	5.28401e-01	5.15078e-01	4.88755e-01	4.72598e-01	4.88553e-01	5.20085e-01	5.53790e-01	5.01641e-01	4.74341e-01	4.56617e-01	4.61829e-01	4.83891e-01	5.02831e-01	5.10481e-01	5.06859e-01	5.09233e-01	5.18389e-01	5.26485e-01	5.05014e-01	5.16898e-01	5.28490e-01	5.03165e-01	4.73460e-01	4.90848e-01	5.46449e-01	5.37113e-01	4.99353e-01	4.84926e-01	4.80934e-01	4.82124e-01	4.97428e-01	5.01155e-01	5.04533e-01	5.06558e-01	5.07831e-01	5.00485e-01	4.95771e-01	4.84108e-01	4.69414e-01	4.74513e-01	5.01849e-01	5.08787e-01	5.10948e-01	5.10667e-01	4.70980e-01	4.64384e-01	4.92911e-01	5.07053e-01	5.04495e-01	4.99641e-01	4.94749e-01	4.86209e-01	4.89969e-01	4.97990e-01	4.72507e-01	4.59078e-01	4.88133e-01	4.92626e-01	4.93768e-01	4.71875e-01	4.48383e-01	4.63087e-01	4.97068e-01	5.04536e-01	5.10150e-01	4.96780e-01	4.90047e-01	4.99363e-01	5.22327e-01	5.10007e-01	4.88992e-01	4.74177e-01	5.16985e-01	5.19847e-01	5.18724e-01	5.14114e-01	4.96069e-01	4.77943e-01	4.81191e-01	4.80902e-01	4.85636e-01	5.21864e-01	5.10949e-01	4.86530e-01	4.81285e-01	5.11788e-01	5.33853e-01	5.30659e-01	5.11840e-01	4.84406e-01	4.88579e-01	4.65012e-01	4.61802e-01	4.80965e-01	4.93267e-01	4.97549e-01
4.58634e-01	6.37284e-01	6.20777e-01	5.28401e-01	1.00000e+00	6.42192e-01	5.81011e-01	5.34179e-01	6.66404e-01	5.48829e-01	5.37793e-01	4.33212e-01	4.24957e-01	4.37953e-01	4.66706e-01	4.87858e-01	4.87190e-01	4.71926e-01	4.76238e-01	4.81934e-01	4.42032e-01	4.52787e-01	4.49920e-01	4.36423e-01	4.41877e-01	4.77181e-01	5.03110e-01	4.98200e-01	4.75618e-01	4.68617e-01	4.17674e-01	4.05484e-01	4.15542e-01	4.32627e-01	4.46278e-01	4.56575e-01	4.84416e-01	4.93800e-01	4.72906e-01	4.80633e-01	5.02434e-01	5.27696e-01	5.61978e-01	5.51214e-01	5.00134e-01	4.74081e-01	4.86495e-01	5.06157e-01	5.25584e-01	5.35617e-01	5.12720e-01	4.92405e-01	4.89929e-01	4.97970e-01	4.98531e-01	4.89164e-01	4.89172e-01	5.06085e-01	5.16430e-01	5.16891e-01	5.36877e-01	5.11402e-01	4.97076e-01	5.02800e-01	4.93897e-01	4.96593e-01	5.18605e-01	5.05177e-01	5.08726e-01	5.01621e-01	4.88861e-01	4.82971e-01	4.81804e-01	4.99421e-01	5.09542e-01	5.34010e-01	5.15519e-01	5.16886e-01	5.07990e-01	4.97557e-01	4.91432e-01	4.90399e-01	4.91846e-01	5.07509e-01	5.24793e-01	5.43932e-01	5.50995e-01	5.70028e-01	5.69044e-01	5.59446e-01	5.33787e-01	5.49624e-01	5.59385e-01	5.48017e-01	4.31649e-01	4.16098e-01	4.25921e-01	4.63414e-01	4.86515e-01	4.83208e-01
5.01634e-01	7.48997e-01	7.72581e-01	5.15078e-01	6.42192e-01	1.00000e+00	5.96474e-01	5.40786e-01	8.39729e-01	5.58513e-01	5.37813e-01	4.52852e-01	4.39934e-01	4.43986e-01	4.54380e-01	4.59294e-01	4.31697e-01	4.22322e-01	4.32471e-01	4.43937e-01	4.58626e-01	4.34873e-01	4.27368e-01	4.26225e-01	4.31855e-01	4.40124e-01	4.50541e-01	4.41957e-01	4.48868e-01	4.84852e-01	4.86768e-01	4.71420e-01	4.59554e-01	4.62726e-01	4.75381e-01	4.96066e-01	5.22266e-01	5.23620e-01	5.00367e-01	5.19122e-01	5.67193e-01	6.03414e-01	6.24736e-01	5.86522e-01	5.44405e-01	5.11687e-01	5.10864e-01	4.89355e-01	4.87555e-01	4.92239e-01	5.02336e-01	5.35526e-01	5.40728e-01	5.27578e-01	5.06089e-01	4.92375e-01	4.88865e-01	4.89814e-01	4.75244e-01	4.95638e-01	4.94983e-01	4.90363e-01	4.91643e-01	4.55729e-01	4.35437e-01	4.17721e-01	4.74301e-01	4.62190e-01	4.40041e-01	4.54735e-01	4.65437e-01	4.54414e-01	4.87169e-01	4.86777e-01	4.84644e-01	5.11453e-01	5.41945e-01	5.56375e-01	5.56710e-01	5.34712e-01	5.14468e-01	5.19572e-01	5.25311e-01	5.31330e-01	5.39032e-01	5.64764e-01	5.65296e-01	5.48098e-01	5.30597e-01	5.02314e-01	4.95055e-01	5.17507e-01	5.12211e-01	5.16233e-01	4.18573e-01	4.30844e-01	4.38809e-01	4.61614e-01	4.64091e-01	4.35090e-01
4.73560e-01	5.60064e-01	5.70377e-01	4.88755e-01	5.81011e-01	5.96474e-01	1.00000e+00	5.37976e-01	6.27452e-01	4.84992e-01	5.10287e-01	4.48707e-01	4.50295e-01	4.51790e-01	4.70908e-01	4.90732e-01	4.95492e-01	4.84703e-01	4.88411e-01	4.86855e-01	4.65156e-01	4.87518e-01	4.72015e-01	4.48954e-01	4.49656e-01	4.62105e-01	4.78403e-01	4.77321e-01	4.63377e-01	4.61011e-01	4.41565e-01	4.32517e-01	4.38756e-01	4.57337e-01	4.52234e-01	4.54441e-01	4.67860e-01	4.85085e-01	4.82011e-01	4.92099e-01	5.29163e-01	5.58526e-01	5.77885e-01	5.68867e-01	5.48534e-01	5.26708e-01	5.12641e-01	4.96699e-01	5.00010e-01	5.08809e-01	5.04293e-01	5.15143e-01	5.15376e-01	5.16808e-01	5.10434e-01	4.88357e-01	4.78920e-01	4.85202e-01	4.77978e-01	4.92911e-01	5.20513e-01	5.24429e-01	5.24563e-01	5.20595e-01	4.85081e-01	4.80658e-01	5.01964e-01	4.78486e-01	4.64532e-01	4.68829e-01	4.60946e-01	4.85636e-01	5.40907e-01	5.03737e-01	4.96710e-01	5.14613e-01	5.27605e-01	5.28876e-01	5.25442e-01	5.16618e-01	5.06926e-01	4.93865e-01	4.86570e-01	5.11533e-01	5.24252e-01	5.17946e-01	5.06510e-01	4.89938e-01	4.99781e-01	5.18914e-01	4.86860e-01	5.17439e-01	5.15776e-01	5.14613e-01	4.76855e-01	4.82176e-01	4.79697e-01	4.95087e-01	5.03055e-01	5.05083e-01
4.74932e-01	5.36533e-01	5.35468e-01	4.72598e-01	5.34179e-01	5.40786e-01	5.37976e-01	1.00000e+00	5.38167e-01	4.92410e-01	5.22496e-01	4.57225e-01	4.43935e-01	4.22119e-01	4.20418e-01	4.54874e-01	4.60803e-01	4.57509e-01	4.76363e-01	4.86462e-01	4.58743e-01	4.78435e-01	4.78985e-01	4.85282e-01	4.94434e-01	5.02885e-01	5.05995e-01	5.02819e-01	4.83193e-01	4.66719e-01	4.60786e-01	4.66709e-01	4.74021e-01	4.64681e-01	4.39545e-01	4.43075e-01	4.72439e-01	4.86236e-01	4.66897e-01	4.67007e-01	4.85945e-01	5.02713e-01	5.19963e-01	5.28599e-01	4.96814e-01	4.78419e-01	4.83154e-01	4.76438e-01	4.99957e-01	5.10304e-01	5.10988e-01	4.87909e-01	4.93456e-01	5.15165e-01	5.19461e-01	4.97676e-01	4.93715e-01	5.15230e-01	5.19648e-01	5.21702e-01	4.99589e-01	4.99015e-01	5.14474e-01	5.25213e-01	5.07763e-01	5.12846e-01	5.29584e-01	5.06581e-01	4.73611e-01	4.63280e-01	4.73026e-01	4.91388e-01	5.07810e-01	4.80163e-01	5.27062e-01	7.74714e-01	5.02748e-01	5.22156e-01	5.25054e-01	5.10769e-01	4.93791e-01	4.76715e-01	4.83005e-01	4.83829e-01	4.99146e-01	5.08567e-01	5.07988e-01	5.10926e-01	5.04432e-01	4.82259e-01	4.75841e-01	4.97098e-01	5.79849e-01	8.33382e-01	4.66836e-01	4.54817e-01	4.22698e-01	4.29526e-01	4.63534e-01	4.69812e-01
4.69359e-01	7.65973e-01	7.90753e-01	4.88553e-01	6.66404e-01	8.39729e-01	6.27452e-01	5.38167e-01	1.00000e+00	5.38725e-01	5.28116e-01	4.12558e-01	3.98176e-01	4.05886e-01	4.24029e-01	4.44401e-01	4.40758e-01	4.32357e-01	4.40903e-01	4.60003e-01	4.23275e-01	4.17183e-01	4.16097e-01	3.87100e-01	3.86592e-01	4.08706e-01	4.36956e-01	4.33401e-01	4.29070e-01	4.30920e-01	4.14862e-01	4.06836e-01	4.18006e-01	4.55362e-01	4.85959e-01	4.98570e-01	5.09566e-01	5.21450e-01	5.21626e-01	5.28581e-01	5.58805e-01	5.85030e-01	6.05471e-01	5.77544e-01	5.37373e-01	5.13794e-01	5.15876e-01	4.98015e-01	5.11686e-01	5.23615e-01	5.11806e-01	5.30296e-01	5.37839e-01	5.35609e-01	5.19925e-01	5.03375e-01	4.93124e-01	4.89418e-01	4.78046e-01	5.09933e-01	5.23922e-01	5.26775e-01	5.08031e-01	4.84610e-01	4.68626e-01	4.47989e-01	4.92091e-01	4.82746e-01	4.56518e-01	4.55666e-01	4.73790e-01	4.62047e-01	4.90960e-01	4.83926e-01	4.81111e-01	5.24807e-01	5.49270e-01	5.49170e-01	5.46459e-01	5.30554e-01	5.19089e-01	5.31605e-01	5.40742e-01	5.41069e-01	5.47116e-01	5.89401e-01	5.92322e-01	5.54949e-01	5.34782e-01	5.12952e-01	5.04680e-01	5.31212e-01	5.35953e-01	5.43790e-01	3.96349e-01	4.01362e-01	4.08123e-01	4.42281e-01	4.61123e-01	4.63687e-01
4.98788e-01	5.58914e-01	5.25337e-01	5.20085e-01	5.48829e-01	5.58513e-01	4.84992e-01	4.92410e-01	5.38725e-01	1.00000e+00	5.41045e-01	4.94622e-01	4.68374e-01	4.57860e-01	4.72129e-01	4.89522e-01	4.77625e-01	4.55570e-01	4.63005e-01	4.81537e-01	4.95368e-01	4.83712e-01	4.71402e-01	4.61958e-01	4.65082e-01	4.69438e-01	4.85016e-01	5.00306e-01	5.16574e-01	4.97516e-01	4.64106e-01	4.66590e-01	4.88628e-01	4.96094e-01	5.01009e-01	5.02669e-01	5.09319e-01	5.11995e-01	5.10445e-01	5.13396e-01	5.08077e-01	4.98761e-01	5.03554e-01	5.23603e-01	5.04253e-01	4.97968e-01	5.09789e-01	5.17381e-01	5.03381e-01	4.96148e-01	4.95421e-01	5.16394e-01	5.16800e-01	5.03276e-01	4.91291e-01	4.87891e-01	4.84226e-01	4.79914e-01	4.81147e-01	4.80407e-01	4.92506e-01	5.03879e-01	5.02274e-01	4.99320e-01	4.94017e-01	4.97866e-01	5.19379e-01	4.97302e-01	4.79825e-01	5.17976e-01	5.24041e-01	4.92492e-01	4.99775e-01	4.97092e-01	5.01223e-01	5.00525e-01	5.02668e-01	5.16079e-01	5.15402e-01	5.01199e-01	4.83217e-01	4.77914e-01	5.02629e-01	5.11684e-01	4.80419e-01	4.90317e-01	4.90433e-01	5.06851e-01	5.08401e-01	4.95759e-01	5.19080e-01	5.23080e-01	5.29319e-01	5.09669e-01	4.78985e-01	4.67364e-01	4.56131e-01	4.63034e-01	4.68157e-01	4.65137e-01
4.77331e-01	5.38200e-01	5.34254e-01	5.53790e-01	5.37793e-01	5.37813e-01	5.10287e-01	5.22496e-01	5.28116e-01	5.41045e-01	1.00000e+00	4.60700e-01	4.64397e-01	4.63194e-01	4.55508e-01	4.60558e-01	4.58661e-01	4.61221e-01	4.69348e-01	4.79068e-01	4.75144e-01	4.72568e-01	4.78505e-01	4.96069e-01	5.12484e-01	5.09121e-01	4.89996e-01	4.87975e-01	4.97484e-01	5.09458e-01	5.17602e-01	5.11316e-01	4.85009e-01	4.76691e-01	4.79966e-01	4.83107e-01	4.91651e-01	4.97180e-01	5.00095e-01	5.13547e-01	5.31983e-01	5.37910e-01	5.25622e-01	4.97907e-01	5.08186e-01	5.07654e-01	5.01795e-01	4.92616e-01	4.75823e-01	4.69619e-01	4.85253e-01	4.92029e-01	4.97166e-01	4.99682e-01	4.91741e-01	4.74066e-01	4.68288e-01	4.86284e-01	4.93916e-01	4.96732e-01	4.94295e-01	4.93143e-01	5.11863e-01	4.96676e-01	4.77880e-01	4.91801e-01	5.09507e-01	4.81834e-01	4.67894e-01	4.71991e-01	4.96642e-01	5.23916e-01	5.22549e-01	4.97214e-01	5.16305e-01	5.17599e-01	4.95524e-01	5.00482e-01	4.98016e-01	4.97971e-01	5.04290e-01	5.12483e-01	5.03867e-01	5.30148e-01	5.35579e-01	5.38003e-01	5.06326e-01	4.89252e-01	5.10606e-01	5.15130e-01	4.91962e-01	4.90475e-01	5.06950e-01	5.18098e-01	4.54754e-01	4.68451e-01	4.61173e-01	4.62020e-01	4.62067e-01	4.55732e-01
7.76319e-01	4.48190e-01	4.31160e-01	5.01641e-01	4.33212e-01	4.52852e-01	4.48707e-01	4.57225e-01	4.12558e-01	4.94622e-01	4.60700e-01	1.00000e+00	8.42302e-01	6.54356e-01	5.14475e-01	4.69860e-01	4.59627e-01	4.77484e-01	4.57900e-01	4.46012e-01	7.96860e-01	5.92181e-01	5.25568e-01	5.00075e-01	4.85437e-01	4.63856e-01	4.57241e-01	4.68234e-01	4.92135e-01	5.08247e-01	5.30198e-01	5.36111e-01	5.09013e-01	4.94406e-01	4.99261e-01	5.05234e-01	5.05458e-01	5.04897e-01	4.98647e-01	4.84217e-01	4.93346e-01	5.06428e-01	5.06301e-01	5.18707e-01	5.43625e-01	5.29711e-01	4.91409e-01	4.53221e-01	4.22513e-01	4.43390e-01	4.74561e-01	4.99251e-01	4.96415e-01	4.69566e-01	4.52518e-01	4.68886e-01	4.94368e-01	4.94113e-01	4.99276e-01	4.91900e-01	4.44363e-01	4.29871e-01	4.66756e-01	4.64640e-01	4.37578e-01	4.45761e-01	4.60006e-01	4.61250e-01	4.59735e-01	4.96754e-01	5.11850e-01	5.02688e-01	4.66298e-01	4.95219e-01	4.81356e-01	4.64974e-01	4.88004e-01	4.82998e-01	4.85131e-01	4.96395e-01	5.10069e-01	5.19308e-01	4.98608e-01	4.57742e-01	4.77390e-01	4.90727e-01	5.02727e-01	5.01403e-01	4.89128e-01	4.66593e-01	4.73016e-01	4.77184e-01	4.76652e-01	4.56682e-01	7.79796e-01	6.87225e-01	5.73291e-01	4.92963e-01	4.66588e-01	4.63758e-01
5.65948e-01	4.39555e-01	4.18365e-01	4.74341e-01	4.24957e-01	4.39934e-01	4.50295e-01	4.43935e-01	3.98176e-01	4.68374e-01	4.64397e-01	8.42302e-01	1.00000e+00	9.08839e-01	6.80271e-01	5.30279e-01	4.80161e-01	4.64439e-01	4.49670e-01	4.43345e-01	6.04694e-01	5.69073e-01	5.08824e-01	4.63267e-01	4.51824e-01	4.47969e-01	4.49083e-01	4.55917e-01	4.84262e-01	5.10507e-01	5.30001e-01	5.26538e-01	4.99908e-01	4.93533e-01	4.94688e-01	4.96174e-01	4.87780e-01	4.87183e-01	4.91759e-01	4.88330e-01	4.92365e-01	5.00791e-01	5.07529e-01	5.16444e-01	5.35576e-01	5.19255e-01	4.74623e-01	4.45166e-01	4.23183e-01	4.40055e-01	4.70809e-01	5.02078e-01	4.98747e-01	4.67963e-01	4.50282e-01	4.66277e-01	4.85186e-01	4.86722e-01	4.92011e-01	4.73421e-01	4.30009e-01	4.21593e-01	4.62628e-01	4.56714e-01	4.33910e-01	4.35107e-01	4.49609e-01	4.56797e-01	4.64652e-01	5.04818e-01	5.14863e-01	5.07818e-01	4.66494e-01	4.81717e-01	4.73130e-01	4.44057e-01	4.84422e-01	4.91894e-01	4.96647e-01	4.98230e-01	4.97893e-01	5.02093e-01	4.91774e-01	4.61134e-01	4.83088e-01	4.79280e-01	4.89537e-01	4.97544e-01	4.96453e-01	4.94906e-01	4.77333e-01	4.67746e-01	4.69041e-01	4.46743e-01	7.41796e-01	8.46281e-01	7.58907e-01	5.81349e-01	5.08079e-01	4.79218e-01
4.95227e-01	4.37121e-01	4.23791e-01	4.56617e-01	4.37953e-01	4.43986e-01	4.51790e-01	4.22119e-01	4.05886e-01	4.57860e-01	4.63194e-01	6.54356e-01	9.08839e-01	1.00000e+00	8.67325e-01	6.33416e-01	5.09133e-01	4.61804e-01	4.50459e-01	4.48001e-01	5.03101e-01	5.18534e-01	4.88854e-01	4.49843e-01	4.37483e-01	4.33208e-01	4.37839e-01	4.44864e-01	4.75705e-01	5.02480e-01	5.23098e-01	5.15988e-01	4.98730e-01	5.03233e-01	5.01122e-01	4.97863e-01	4.82955e-01	4.80589e-01	4.89655e-01	4.92329e-01	4.91053e-01	4.95730e-01	5.02113e-01	4.92230e-01	5.07599e-01	5.11611e-01	4.78710e-01	4.54419e-01	4.46806e-01	4.59128e-01	4.81595e-01	5.05578e-01	4.98375e-01	4.74690e-01	4.60199e-01	4.64687e-01	4.76644e-01	4.85724e-01	4.87858e-01	4.72683e-01	4.39143e-01	4.27339e-01	4.53362e-01	4.44369e-01	4.32125e-01	4.31780e-01	4.50480e-01	4.59555e-01	4.69980e-01	4.87276e-01	4.91221e-01	4.89114e-01	4.61219e-01	4.66883e-01	4.66129e-01	4.33656e-01	4.81623e-01	4.92038e-01	5.00355e-01	5.00662e-01	4.95589e-01	4.95903e-01	4.88875e-01	4.69556e-01	4.89935e-01	4.83330e-01	4.96196e-01	4.96019e-01	4.92575e-01	5.18289e-01	4.92028e-01	4.75919e-01	4.74719e-01	4.37813e-01	6.06975e-01	8.12689e-01	8.81269e-01	7.38879e-01	5.90370e-01	4.94943e-01
4.56768e-01	4.44016e-01	4.34113e-01	4.61829e-01	4.66706e-01	4.54380e-01	4.70908e-01	4.20418e-01	4.24029e-01	4.72129e-01	4.55508e-01	5.14475e-01	6.80271e-01	8.67325e-01	1.00000e+00	8.51547e-01	6.10745e-01	4.70097e-01	4.49761e-01	4.49568e-01	4.61110e-01	4.82846e-01	4.64462e-01	4.38082e-01	4.33194e-01	4.35861e-01	4.45080e-01	4.46896e-01	4.74270e-01	4.97403e-01	4.99813e-01	4.91665e-01	4.87836e-01	4.91784e-01	4.82827e-01	4.81060e-01	4.72740e-01	4.71626e-01	4.76639e-01	4.80489e-01	4.77476e-01	4.85071e-01	4.98145e-01	4.71865e-01	4.75760e-01	5.00628e-01	4.83946e-01	4.76051e-01	4.77925e-01	4.76344e-01	4.83128e-01	5.01377e-01	4.92739e-01	4.83292e-01	4.75596e-01	4.64077e-01	4.68439e-01	4.80729e-01	4.77630e-01	4.77159e-01	4.61196e-01	4.46716e-01	4.56064e-01	4.40011e-01	4.38391e-01	4.46793e-01	4.73588e-01	4.87158e-01	4.93284e-01	4.76135e-01	4.60041e-01	4.52246e-01	4.50167e-01	4.62533e-01	4.63591e-01	4.36424e-01	4.81622e-01	4.85634e-01	4.92006e-01	4.94832e-01	4.92248e-01	4.94987e-01	4.91717e-01	4.61657e-01	4.79938e-01	4.87140e-01	5.00017e-01	4.93436e-01	4.89807e-01	5.30824e-01	5.02517e-01	4.93572e-01	4.92459e-01	4.49733e-01	5.23806e-01	6.67044e-01	8.53642e-01	8.86827e-01	7.59950e-01	5.53440e-01
4.41464e-01	4.49068e-01	4.31795e-01	4.83891e-01	4.87858e-01	4.59294e-01	4.90732e-01	4.54874e-01	4.44401e-01	4.89522e-01	4.60558e-01	4.69860e-01	5.30279e-01	6.33416e-01	8.51547e-01	1.00000e+00	8.55003e-01	5.87379e-01	5.16670e-01	4.89754e-01	4.43355e-01	4.67080e-01	4.66267e-01	4.47401e-01	4.45615e-01	4.57694e-01	4.59119e-01	4.48962e-01	4.59255e-01	4.71478e-01	4.55250e-01	4.58733e-01	4.70116e-01	4.63483e-01	4.50575e-01	4.54456e-01	4.56808e-01	4.59942e-01	4.57742e-01	4.56474e-01	4.56101e-01	4.64377e-01	4.80666e-01	4.61780e-01	4.64107e-01	4.91315e-01	4.76682e-01	4.73299e-01	4.77259e-01	4.74262e-01	4.77490e-01	4.94222e-01	4.88353e-01	4.84526e-01	4.79853e-01	4.67543e-01	4.67717e-01	4.73618e-01	4.70420e-01	4.83507e-01	4.92081e-01	4.78794e-01	4.77238e-01	4.68523e-01	4.75653e-01	4.89737e-01	5.05577e-01	5.03869e-01	4.97491e-01	4.67756e-01	4.55402e-01	4.54654e-01	4.55290e-01	4.68357e-01	4.66496e-01	4.46309e-01	4.79879e-01	4.70920e-01	4.72656e-01	4.82371e-01	4.85707e-01	4.88211e-01	4.87199e-01	4.45643e-01	4.71005e-01	4.87059e-01	4.87911e-01	4.81169e-01	4.79232e-01	5.17471e-01	5.05302e-01	5.13618e-01	5.01422e-01	4.73970e-01	4.83086e-01	5.31529e-01	6.33927e-01	7.54520e-01	8.97315e-01	7.65189e-01
4.47476e-01	4.35176e-01	4.21420e-01	5.02831e-01	4.87190e-01	4.31697e-01	4.95492e-01	4.60803e-01	4.40758e-01	4.77625e-01	4.58661e-01	4.59627e-01	4.80161e-01	5.09133e-01	6.10745e-01	8.55003e-01	1.00000e+00	8.27878e-01	6.96861e-01	5.90505e-01	4.40019e-01	4.58351e-01	4.80319e-01	4.73955e-01	4.71996e-01	4.76478e-01	4.60397e-01	4.46408e-01	4.47837e-01	4.47460e-01	4.21107e-01	4.33192e-01	4.47564e-01	4.41022e-01	4.42803e-01	4.47789e-01	4.47802e-01	4.50737e-01	4.50766e-01	4.49508e-01	4.44715e-01	4.44339e-01	4.56809e-01	4.57369e-01	4.53942e-01	4.76580e-01	4.73456e-01	4.57076e-01	4.64184e-01	4.76644e-01	4.74498e-01	4.75023e-01	4.71539e-01	4.73538e-01	4.79309e-01	4.78048e-01	4.74137e-01	4.76106e-01	4.85164e-01	4.94118e-01	5.08793e-01	4.90960e-01	4.84682e-01	4.97741e-01	5.06111e-01	5.12436e-01	5.13114e-01	4.95449e-01	4.85208e-01	4.54823e-01	4.60397e-01	4.78247e-01	4.73374e-01	4.88674e-01	4.79308e-01	4.41076e-01	4.82758e-01	4.61610e-01	4.63913e-01	4.83759e-01	4.93911e-01	4.84223e-01	4.82225e-01	4.49944e-01	4.77239e-01	4.88703e-01	4.86131e-01	4.76660e-01	4.76795e-01	5.11959e-01	5.08797e-01	5.19303e-01	4.86443e-01	4.59149e-01	4.54999e-01	4.66552e-01	4.91778e-01	5.73473e-01	8.30693e-01	9.23966e-01
4.81650e-01	4.37149e-01	4.18845e-01	5.10481e-01	4.71926e-01	4.22322e-01	4.84703e-01	4.57509e-01	4.32357e-01	4.55570e-01	4.61221e-01	4.77484e-01	4.64439e-01	4.61804e-01	4.70097e-01	5.87379e-01	8.27878e-01	1.00000e+00	9.11066e-01	7.23038e-01	4.78955e-01	4.66159e-01	4.90341e-01	5.05140e-01	5.09363e-01	4.99413e-01	4.77259e-01	4.66660e-01	4.69108e-01	4.78354e-01	4.42083e-01	4.43529e-01	4.44773e-01	4.41021e-01	4.66691e-01	4.80827e-01	4.82172e-01	4.75491e-01	4.68400e-01	4.64951e-01	4.56014e-01	4.49741e-01	4.47492e-01	4.54514e-01	4.57845e-01	4.75293e-01	4.82589e-01	4.65615e-01	4.59978e-01	4.71592e-01	4.80076e-01	4.77758e-01	4.65802e-01	4.68521e-01	4.82340e-01	4.85125e-01	4.77144e-01	4.82639e-01	5.02881e-01	4.88611e-01	5.00925e-01	4.91302e-01	4.91020e-01	4.97878e-01	4.95572e-01	4.91937e-01	4.87104e-01	4.76925e-01	4.63970e-01	4.44880e-01	4.67689e-01	4.95159e-01	5.01997e-01	5.10238e-01	4.99631e-01	4.46011e-01	4.87225e-01	4.67164e-01	4.64754e-01	4.77328e-01	4.85031e-01	4.77746e-01	4.96267e-01	4.85566e-01	4.92419e-01	4.96960e-01	4.88903e-01	4.76410e-01	4.90783e-01	5.17072e-01	5.01480e-01	4.99678e-01	4.72979e-01	4.47384e-01	4.51570e-01	4.41224e-01	4.44727e-01	4.67637e-01	5.81110e-01	7.54056e-01
4.73925e-01	4.40446e-01	4.26374e-01	5.06859e-01	4.76238e-01	4.32471e-01	4.88411e-01	4.76363e-01	4.40903e-01	4.63005e-01	4.69348e-01	4.57900e-01	4.49670e-01	4.50459e-01	4.49761e-01	5.16670e-01	6.96861e-01	9.11066e-01	1.00000e+00	9.14967e-01	4.72022e-01	4.60293e-01	4.72916e-01	4.85322e-01	4.93742e-01	4.88496e-01	4.77088e-01	4.70946e-01	4.70140e-01	4.77841e-01	4.33635e-01	4.30675e-01	4.25126e-01	4.23147e-01	4.63960e-01	4.92986e-01	5.09119e-01	5.00331e-01	4.77236e-01	4.65895e-01	4.59875e-01	4.55962e-01	4.56094e-01	4.71120e-01	4.71848e-01	4.78451e-01	4.87011e-01	4.83218e-01	4.81396e-01	4.87284e-01	4.92906e-01	4.84446e-01	4.68651e-01	4.72130e-01	4.86623e-01	4.82420e-01	4.66866e-01	4.71878e-01	5.01051e-01	4.80880e-01	4.97548e-01	4.93238e-01	4.90302e-01	4.90144e-01	4.90561e-01	4.91127e-01	4.79003e-01	4.66770e-01	4.56305e-01	4.58321e-01	4.77200e-01	4.94186e-01	5.07233e-01	5.07628e-01	5.14836e-01	4.83459e-01	5.00131e-01	4.89066e-01	4.79863e-01	4.77945e-01	4.79755e-01	4.80041e-01	5.04277e-01	5.03531e-01	4.92775e-01	4.90922e-01	4.83048e-01	4.91981e-01	5.14099e-01	5.16278e-01	4.93130e-01	4.90156e-01	4.83584e-01	4.75847e-01	4.45311e-01	4.39820e-01	4.39016e-01	4.51809e-01	5.12237e-01	6.32739e-01
4.64982e-01	4.49430e-01	4.54902e-01	5.09233e-01	4.81934e-01	4.43937e-01	4.86855e-01	4.86462e-01	4.60003e-01	4.81537e-01	4.79068e-01	4.46012e-01	4.43345e-01	4.48001e-01	4.49568e-01	4.89754e-01	5.90505e-01	7.23038e-01	9.14967e-01	1.00000e+00	4.59060e-01	4.59656e-01	4.68844e-01	4.73658e-01	4.76398e-01	4.67397e-01	4.64820e-01	4.72452e-01	4.78516e-01	4.71649e-01	4.35668e-01	4.33306e-01	4.22660e-01	4.21395e-01	4.66226e-01	5.01134e-01	5.22752e-01	5.15828e-01	4.93651e-01	4.81516e-01	4.71456e-01	4.62053e-01	4.60532e-01	4.85676e-01	4.86716e-01	4.81157e-01	4.94033e-01	5.05782e-01	5.09880e-01	5.07075e-01	5.05842e-01	4.94211e-01	4.79908e-01	4.81461e-01	4.94189e-01	4.95031e-01	4.81408e-01	4.77827e-01	4.93426e-01	4.73696e-01	4.99001e-01	5.05862e-01	4.99558e-01	4.95386e-01	4.95816e-01	4.97560e-01	4.86235e-01	4.71496e-01	4.62090e-01	4.75625e-01	4.87266e-01	4.96306e-01	4.99029e-01	4.99801e-01	5.17591e-01	5.12772e-01	5.17507e-01	5.12070e-01	4.99139e-01	4.88508e-01	4.84462e-01	4.85979e-01	5.07519e-01	4.98462e-01	4.80623e-01	4.88077e-01	4.89446e-01	5.11639e-01	5.19107e-01	4.96370e-01	4.90870e-01	4.93913e-01	4.89266e-01	4.93773e-01	4.44618e-01	4.49508e-01	4.47778e-01	4.56909e-01	4.92832e-01	5.60272e-01
8.04759e-01	4.29120e-01	4.30873e-01	5.18389e-01	4.42032e-01	4.58626e-01	4.65156e-01	4.58743e-01	4.23275e-01	4.95368e-01	4.75144e-01	7.96860e-01	6.04694e-01	5.03101e-01	4.61110e-01	4.43355e-01	4.40019e-01	4.78955e-01	4.72022e-01	4.59060e-01	1.00000e+00	7.34234e-01	5.78355e-01	5.35760e-01	5.18348e-01	4.94482e-01	4.82055e-01	4.88221e-01	5.01086e-01	5.09521e-01	5.09197e-01	5.09111e-01	5.04263e-01	5.14031e-01	5.19137e-01	5.17296e-01	5.22217e-01	5.25691e-01	5.04217e-01	4.75399e-01	4.89363e-01	5.07238e-01	5.05918e-01	5.07909e-01	5.21918e-01	5.12934e-01	5.04636e-01	4.85748e-01	4.63074e-01	4.61745e-01	4.66723e-01	4.78706e-01	4.88979e-01	4.76635e-01	4.59880e-01	4.58159e-01	4.83360e-01	4.95518e-01	4.85945e-01	4.86603e-01	4.74690e-01	4.74692e-01	4.87912e-01	4.69181e-01	4.50287e-01	4.59831e-01	4.66548e-01	4.59228e-01	4.63863e-01	4.80321e-01	4.83226e-01	4.84029e-01	4.81798e-01	5.20456e-01	5.12762e-01	4.80388e-01	4.82998e-01	4.76359e-01	4.75568e-01	4.88526e-01	5.03425e-01	5.01025e-01	4.84359e-01	4.91268e-01	5.02857e-01	4.98035e-01	5.07029e-01	5.11237e-01	5.07228e-01	4.74820e-01	4.75301e-01	4.71121e-01	4.68594e-01	4.52396e-01	7.66844e-01	5.90030e-01	4.99132e-01	4.65771e-01	4.41679e-01	4.37911e-01
5.28401e-01	4.31634e-01	4.02540e-01	5.26485e-01	4.52787e-01	4.34873e-01	4.87518e-01	4.78435e-01	4.17183e-01	4.83712e-01	4.72568e-01	5.92181e-01	5.69073e-01	5.18534e-01	4.82846e-01	4.67080e-01	4.58351e-01	4.66159e-01	4.60293e-01	4.59656e-01	7.34234e-01	1.00000e+00	8.40476e-01	6.41288e-01	5.36003e-01	4.99873e-01	4.79831e-01	4.78978e-01	4.96833e-01	5.10363e-01	4.88855e-01	4.78085e-01	4.77999e-01	5.11976e-01	5.30066e-01	5.36116e-01	5.30544e-01	5.17494e-01	5.00533e-01	4.89440e-01	5.00116e-01	5.16648e-01	5.33561e-01	5.35164e-01	5.24406e-01	5.06109e-01	5.12022e-01	5.22751e-01	5.00158e-01	4.62818e-01	4.60984e-01	4.52808e-01	4.63859e-01	4.65526e-01	4.69826e-01	4.79880e-01	4.82931e-01	4.66148e-01	4.61070e-01	4.83358e-01	4.75452e-01	4.75305e-01	4.84101e-01	4.72023e-01	4.58024e-01	4.60883e-01	4.66947e-01	4.74917e-01	4.74157e-01	4.80483e-01	4.76782e-01	4.79142e-01	4.86960e-01	5.20806e-01	5.08737e-01	4.85199e-01	4.63998e-01	4.56574e-01	4.60843e-01	4.73783e-01	4.82978e-01	4.77610e-01	4.93201e-01	4.99496e-01	5.00039e-01	4.89433e-01	4.73242e-01	4.72522e-01	4.95125e-01	4.87826e-01	4.79223e-01	4.62447e-01	4.68876e-01	4.72948e-01	7.42403e-01	6.11093e-01	5.24492e-01	4.77648e-01	4.64808e-01	4.63730e-01
5.17484e-01	4.33286e-01	4.01110e-01	5.05014e-01	4.49920e-01	4.27368e-01	4.72015e-01	4.78985e-01	4.16097e-01	4.71402e-01	4.78505e-01	5.25568e-01	5.08824e-01	4.88854e-01	4.64462e-01	4.66267e-01	4.80319e-01	4.90341e-01	4.72916e-01	4.68844e-01	5.78355e-01	8.40476e-01	1.00000e+00	8.51327e-01	6.21531e-01	5.16758e-01	4.75885e-01	4.66652e-01	4.79491e-01	5.06410e-01	5.10782e-01	5.01817e-01	4.94048e-01	5.12547e-01	5.25995e-01	5.37457e-01	5.39897e-01	5.23942e-01	5.02240e-01	4.92769e-01	5.12707e-01	5.35754e-01	5.48588e-01	5.38351e-01	5.11558e-01	4.93988e-01	5.01849e-01	5.23187e-01	5.05089e-01	4.69262e-01	4.76085e-01	4.58015e-01	4.63347e-01	4.68934e-01	4.76742e-01	4.84117e-01	4.83880e-01	4.71778e-01	4.63100e-01	4.64544e-01	4.50069e-01	4.69576e-01	4.92852e-01	4.81393e-01	4.54778e-01	4.51377e-01	4.53254e-01	4.64330e-01	4.70720e-01	4.75398e-01	4.66432e-01	4.62259e-01	4.85643e-01	5.02331e-01	4.95299e-01	4.80052e-01	4.63484e-01	4.64238e-01	4.69294e-01	4.73923e-01	4.81468e-01	4.93286e-01	5.13379e-01	5.04302e-01	4.99638e-01	4.94029e-01	4.67724e-01	4.57648e-01	4.83630e-01	5.01327e-01	4.97347e-01	4.62505e-01	4.60247e-01	4.75235e-01	6.00412e-01	5.51766e-01	5.13723e-01	4.77729e-01	4.78650e-01	4.95738e-01
5.14802e-01	4.36097e-01	4.08992e-01	5.16898e-01	4.36423e-01	4.26225e-01	4.48954e-01	4.85282e-01	3.87100e-01	4.61958e-01	4.96069e-01	5.00075e-01	4.63267e-01	4.49843e-01	4.38082e-01	4.47401e-01	4.73955e-01	5.05140e-01	4.85322e-01	4.73658e-01	5.35760e-01	6.41288e-01	8.51327e-01	1.00000e+00	8.75202e-01	6.57999e-01	5.01646e-01	4.73238e-01	4.91901e-01	5.23159e-01	5.45485e-01	5.38013e-01	5.21055e-01	5.19556e-01	5.28202e-01	5.38239e-01	5.39661e-01	5.27221e-01	5.13753e-01	4.99838e-01	5.17090e-01	5.37981e-01	5.41990e-01	5.26149e-01	5.24686e-01	5.12187e-01	5.04866e-01	5.22633e-01	4.88362e-01	4.48828e-01	4.60030e-01	4.57846e-01	4.74536e-01	4.88273e-01	4.92105e-01	4.89282e-01	4.82448e-01	4.77746e-01	4.69131e-01	4.47217e-01	4.38304e-01	4.72316e-01	5.07951e-01	4.88052e-01	4.49705e-01	4.41466e-01	4.37318e-01	4.49600e-01	4.54233e-01	4.37274e-01	4.39328e-01	4.54703e-01	4.82699e-01	4.88996e-01	4.97099e-01	4.85228e-01	4.63182e-01	4.68030e-01	4.78870e-01	4.92220e-01	5.02666e-01	5.12793e-01	5.15889e-01	5.08501e-01	5.03542e-01	4.92013e-01	4.60635e-01	4.54965e-01	4.78732e-01	4.97906e-01	4.97351e-01	4.65796e-01	4.54993e-01	4.68927e-01	5.16631e-01	4.86424e-01	4.70945e-01	4.56830e-01	4.62830e-01	4.93219e-01
4.94390e-01	4.42488e-01	4.20715e-01	5.28490e-01	4.41877e-01	4.31855e-01	4.49656e-01	4.94434e-01	3.86592e-01	4.65082e-01	5.12484e-01	4.85437e-01	4.51824e-01	4.37483e-01	4.33194e-01	4.45615e-01	4.71996e-01	5.09363e-01	4.93742e-01	4.76398e-01	5.18348e-01	5.36003e-01	6.21531e-01	8.75202e-01	1.00000e+00	8.48650e-01	5.74489e-01	5.03942e-01	5.07770e-01	5.25116e-01	5.41139e-01	5.35223e-01	5.15611e-01	5.04730e-01	5.08491e-01	5.12287e-01	5.15447e-01	5.12737e-01	5.08288e-01	5.04532e-01	5.21772e-01	5.32322e-01	5.21255e-01	5.14965e-01	5.39566e-01	5.17679e-01	4.95729e-01	5.03301e-01	4.64704e-01	4.30673e-01	4.53935e-01	4.75684e-01	4.98679e-01	5.12135e-01	5.06228e-01	4.85781e-01	4.66827e-01	4.67268e-01	4.67324e-01	4.55490e-01	4.63580e-01	4.85063e-01	5.10358e-01	4.96663e-01	4.63882e-01	4.56829e-01	4.54860e-01	4.54589e-01	4.45425e-01	4.17451e-01	4.28492e-01	4.65313e-01	4.84552e-01	4.88718e-01	4.95013e-01	4.89517e-01	4.70651e-01	4.73067e-01	4.86619e-01	5.07749e-01	5.15106e-01	5.07780e-01	5.05929e-01	5.09797e-01	5.10511e-01	5.05337e-01	4.83265e-01	4.83380e-01	5.03057e-01	5.01095e-01	4.99149e-01	4.80417e-01	4.65176e-01	4.70170e-01	4.89055e-01	4.58931e-01	4.44784e-01	4.43877e-01	4.51285e-01	4.90520e-01
4.69856e-01	4.40987e-01	4.30922e-01	5.03165e-01	4.77181e-01	4.40124e-01	4.62105e-01	5.02885e-01	4.08706e-01	4.69438e-01	5.09121e-01	4.63856e-01	4.47969e-01	4.33208e-01	4.35861e-01	4.57694e-01	4.76478e-01	4.99413e-01	4.88496e-01	4.67397e-01	4.94482e-01	4.99873e-01	5.16758e-01	6.57999e-01	8.48650e-01	1.00000e+00	8.34817e-01	6.67045e-01	5.17478e-01	4.86987e-01	4.81968e-01	4.85518e-01	4.85289e-01	4.88439e-01	4.90815e-01	4.94450e-01	5.08227e-01	5.10518e-01	5.02643e-01	5.06147e-01	5.25611e-01	5.37554e-01	5.32130e-01	5.29910e-01	5.45496e-01	5.06430e-01	4.77360e-01	4.88940e-01	4.72628e-01	4.47734e-01	4.64907e-01	4.81791e-01	5.01513e-01	5.18907e-01	5.13402e-01	4.78926e-01	4.55659e-01	4.62201e-01	4.70243e-01	4.78067e-01	4.83571e-01	4.80452e-01	4.94297e-01	4.90682e-01	4.71118e-01	4.63189e-01	4.62271e-01	4.60617e-01	4.45722e-01	4.22978e-01	4.27485e-01	4.61655e-01	4.82528e-01	5.05074e-01	5.12902e-01	4.96966e-01	4.80837e-01	4.81598e-01	4.85807e-01	4.95816e-01	5.00561e-01	4.88624e-01	4.95044e-01	5.18565e-01	5.27701e-01	5.10655e-01	4.97145e-01	5.11115e-01	5.33257e-01	5.22810e-01	5.10152e-01	4.87342e-01	4.91576e-01	4.94237e-01	4.76025e-01	4.44270e-01	4.31959e-01	4.40838e-01	4.53793e-01	4.81315e-01
4.72663e-01	4.48956e-01	4.61968e-01	4.73460e-01	5.03110e-01	4.50541e-01	4.78403e-01	5.05995e-01	4.36956e-01	4.85016e-01	4.89996e-01	4.57241e-01	4.49083e-01	4.37839e-01	4.45080e-01	4.59119e-01	4.60397e-01	4.77259e-01	4.77088e-01	4.64820e-01	4.82055e-01	4.79831e-01	4.75885e-01	5.01646e-01	5.74489e-01	8.34817e-01	1.00000e+00	8.96982e-01	6.01671e-01	4.75404e-01	4.56606e-01	4.67686e-01	4.85825e-01	4.98548e-01	4.95476e-01	4.94376e-01	5.03244e-01	5.03168e-01	5.05004e-01	5.11043e-01	5.19560e-01	5.30064e-01	5.36678e-01	5.42886e-01	5.39383e-01	4.96462e-01	4.75134e-01	4.96794e-01	4.99122e-01	4.74396e-01	4.70333e-01	4.71389e-01	4.85496e-01	5.02729e-01	5.03113e-01	4.79451e-01	4.68134e-01	4.77439e-01	4.95540e-01	5.00009e-01	4.87010e-01	4.89521e-01	4.98420e-01	4.91239e-01	4.81925e-01	4.75004e-01	4.61890e-01	4.64578e-01	4.59787e-01	4.53749e-01	4.47772e-01	4.62661e-01	4.86388e-01	5.14646e-01	5.23796e-01	5.04049e-01	4.88565e-01	4.90714e-01	4.87208e-01	4.79412e-01	4.80629e-01	4.86373e-01	5.04139e-01	5.19214e-01	5.26445e-01	5.02307e-01	4.91087e-01	5.15878e-01	5.26515e-01	5.19806e-01	5.20955e-01	4.85947e-01	5.02667e-01	5.10151e-01	4.70257e-01	4.46474e-01	4.35629e-01	4.48965e-01	4.52145e-01	4.50934e-01
4.86105e-01	4.63057e-01	4.65941e-01	4.90848e-01	4.98200e-01	4.41957e-01	4.77321e-01	5.02819e-01	4.33401e-01	5.00306e-01	4.87975e-01	4.68234e-01	4.55917e-01	4.44864e-01	4.46896e-01	4.48962e-01	4.46408e-01	4.66660e-01	4.70946e-01	4.72452e-01	4.88221e-01	4.78978e-01	4.66652e-01	4.73238e-01	5.03942e-01	6.67045e-01	8.96982e-01	1.00000e+00	8.03505e-01	5.52784e-01	4.92391e-01	4.93352e-01	4.96998e-01	5.09922e-01	5.11637e-01	4.97132e-01	4.82040e-01	4.77147e-01	5.02981e-01	5.21936e-01	5.17347e-01	5.11603e-01	5.07017e-01	5.32246e-01	5.39119e-01	4.98996e-01	4.84975e-01	5.04476e-01	4.96459e-01	4.69536e-01	4.65339e-01	4.58517e-01	4.70976e-01	4.89588e-01	4.93709e-01	4.77410e-01	4.68631e-01	4.69767e-01	4.86223e-01	4.91403e-01	4.86690e-01	4.97596e-01	4.97973e-01	4.93128e-01	4.93772e-01	4.85942e-01	4.66016e-01	4.71367e-01	4.75625e-01	4.81885e-01	4.61813e-01	4.64929e-01	4.91722e-01	5.12975e-01	5.14113e-01	5.03409e-01	4.91535e-01	4.91068e-01	4.86785e-01	4.78891e-01	4.83217e-01	4.97499e-01	5.13486e-01	5.06653e-01	5.07794e-01	4.89939e-01	4.81566e-01	5.10727e-01	5.15899e-01	5.03407e-01	5.16145e-01	4.82512e-01	4.91753e-01	4.98665e-01	4.76206e-01	4.51286e-01	4.36139e-01	4.41844e-01	4.38244e-01	4.41843e-01
4.95663e-01	4.86455e-01	4.60165e-01	5.46449e-01	4.75618e-01	4.48868e-01	4.63377e-01	4.83193e-01	4.29070e-01	5.16574e-01	4.97484e-01	4.92135e-01	4.84262e-01	4.75705e-01	4.74270e-01	4.59255e-01	4.47837e-01	4.69108e-01	4.70140e-01	4.78516e-01	5.01086e-01	4.96833e-01	4.79491e-01	4.91901e-01	5.07770e-01	5.17478e-01	6.01671e-01	8.03505e-01	1.00000e+00	8.11619e-01	6.11911e-01	5.59514e-01	5.36478e-01	5.40757e-01	5.33853e-01	4.99509e-01	4.61797e-01	4.53618e-01	4.87713e-01	5.15768e-01	5.11724e-01	5.00715e-01	4.83163e-01	4.89876e-01	5.16781e-01	5.06687e-01	4.92931e-01	5.03964e-01	4.87824e-01	4.59530e-01	4.65900e-01	4.68450e-01	4.69772e-01	4.74902e-01	4.74665e-01	4.66529e-01	4.61184e-01	4.51955e-01	4.64137e-01	4.79252e-01	4.79080e-01	4.77275e-01	4.59004e-01	4.60543e-01	4.96196e-01	4.86320e-01	4.73376e-01	5.00757e-01	5.13766e-01	5.04069e-01	4.69361e-01	4.56143e-01	4.88846e-01	4.96613e-01	4.88093e-01	4.83791e-01	4.93144e-01	4.83947e-01	4.79357e-01	4.77956e-01	4.84090e-01	4.97666e-01	5.13763e-01	4.92663e-01	4.85869e-01	4.77590e-01	4.60666e-01	4.83094e-01	5.06185e-01	4.92197e-01	4.89382e-01	4.90992e-01	4.94291e-01	4.85326e-01	4.96084e-01	4.81234e-01	4.66325e-01	4.59594e-01	4.37038e-01	4.39123e-01
4.97382e-01	5.07198e-01	4.76679e-01	5.37113e-01	4.68617e-01	4.84852e-01	4.61011e-01	4.66719e-01	4.30920e-01	4.97516e-01	5.09458e-01	5.08247e-01	5.10507e-01	5.02480e-01	4.97403e-01	4.71478e-01	4.47460e-01	4.78354e-01	4.77841e-01	4.71649e-01	5.09521e-01	5.10363e-01	5.06410e-01	5.23159e-01	5.25116e-01	4.86987e-01	4.75404e-01	5.52784e-01	8.11619e-01	1.00000e+00	8.05483e-01	6.88202e-01	5.95129e-01	5.50319e-01	5.34955e-01	5.15203e-01	5.01355e-01	4.90009e-01	4.89954e-01	5.05709e-01	5.22956e-01	5.27621e-01	5.07135e-01	4.79355e-01	4.90676e-01	4.99316e-01	5.03456e-01	5.08700e-01	4.69933e-01	4.32935e-01	4.40433e-01	4.66018e-01	4.62717e-01	4.66416e-01	4.71594e-01	4.62651e-01	4.52247e-01	4.48209e-01	4.70043e-01	4.70568e-01	4.62083e-01	4.47709e-01	4.46885e-01	4.38925e-01	4.46366e-01	4.48893e-01	4.65007e-01	5.13600e-01	5.25528e-01	4.98110e-01	4.75812e-01	4.70247e-01	4.76049e-01	4.78354e-01	4.78208e-01	4.57842e-01	5.00240e-01	4.90258e-01	4.80525e-01	4.73090e-01	4.70722e-01	4.80304e-01	4.95235e-01	4.92174e-01	4.80598e-01	4.59006e-01	4.44722e-01	4.70982e-01	5.01526e-01	4.83796e-01	4.75635e-01	4.99082e-01	4.85196e-01	4.69022e-01	5.10733e-01	5.08880e-01	4.95341e-01	4.78786e-01	4.41139e-01	4.30503e-01
5.25765e-01	4.81607e-01	4.73599e-01	4.99353e-01	4.17674e-01	4.86768e-01	4.41565e-01	4.60786e-01	4.14862e-01	4.64106e-01	5.17602e-01	5.30198e-01	5.30001e-01	5.23098e-01	4.99813e-01	4.55250e-01	4.21107e-01	4.42083e-01	4.33635e-01	4.35668e-01	5.09197e-01	4.88855e-01	5.10782e-01	5.45485e-01	5.41139e-01	4.81968e-01	4.56606e-01	4.92391e-01	6.11911e-01	8.05483e-01	1.00000e+00	9.61549e-01	8.04593e-01	6.28528e-01	5.54793e-01	5.45818e-01	5.39779e-01	5.24631e-01	5.27125e-01	5.43554e-01	5.62216e-01	5.63161e-01	5.31038e-01	4.94414e-01	4.90286e-01	5.02563e-01	5.05584e-01	4.89703e-01	4.32769e-01	3.99283e-01	4.31094e-01	4.73313e-01	4.69421e-01	4.67543e-01	4.69212e-01	4.58539e-01	4.48560e-01	4.46715e-01	4.52556e-01	4.52597e-01	4.34240e-01	4.44798e-01	4.78175e-01	4.74419e-01	4.61082e-01	4.40015e-01	4.17075e-01	4.53876e-01	4.64352e-01	4.65196e-01	4.72303e-01	4.82146e-01	4.71593e-01	4.70210e-01	4.49148e-01	4.46952e-01	4.96142e-01	4.90024e-01	4.80451e-01	4.68999e-01	4.64516e-01	4.76824e-01	4.83282e-01	5.08796e-01	4.87774e-01	4.57418e-01	4.63910e-01	4.70450e-01	4.74857e-01	4.59821e-01	4.53034e-01	4.73949e-01	4.37146e-01	4.38994e-01	4.99293e-01	5.11255e-01	5.07797e-01	4.77613e-01	4.31688e-01	4.24414e-01
5.33522e-01	4.58950e-01	4.59780e-01	4.84926e-01	4.05484e-01	4.71420e-01	4.32517e-01	4.66709e-01	4.06836e-01	4.66590e-01	5.11316e-01	5.36111e-01	5.26538e-01	5.15988e-01	4.91665e-01	4.58733e-01	4.33192e-01	4.43529e-01	4.30675e-01	4.33306e-01	5.09111e-01	4.78085e-01	5.01817e-01	5.38013e-01	5.35223e-01	4.85518e-01	4.67686e-01	4.93352e-01	5.59514e-01	6.88202e-01	9.61549e-01	1.00000e+00	8.83250e-01	6.68062e-01	5.57702e-01	5.41311e-01	5.27422e-01	5.14144e-01	5.23845e-01	5.44586e-01	5.59659e-01	5.56577e-01	5.23710e-01	4.93269e-01	4.91209e-01	5.06724e-01	5.02260e-01	4.78131e-01	4.27314e-01	4.06599e-01	4.39575e-01	4.83190e-01	4.85310e-01	4.81682e-01	4.78473e-01	4.66350e-01	4.57112e-01	4.54061e-01	4.52405e-01	4.51935e-01	4.37684e-01	4.58848e-01	4.92781e-01	4.91360e-01	4.75011e-01	4.50174e-01	4.18036e-01	4.35614e-01	4.46555e-01	4.61103e-01	4.74915e-01	4.84780e-01	4.69692e-01	4.68432e-01	4.47121e-01	4.55835e-01	4.95346e-01	4.92614e-01	4.87583e-01	4.78943e-01	4.73574e-01	4.77791e-01	4.76378e-01	5.01648e-01	4.80548e-01	4.60308e-01	4.75926e-01	4.78263e-01	4.73615e-01	4.58559e-01	4.54921e-01	4.75399e-01	4.38134e-01	4.44027e-01	4.96824e-01	5.04095e-01	4.97975e-01	4.69890e-01	4.39686e-01	4.38676e-01
5.22720e-01	4.59473e-01	4.66164e-01	4.80934e-01	4.15542e-01	4.59554e-01	4.38756e-01	4.74021e-01	4.18006e-01	4.88628e-01	4.85009e-01	5.09013e-01	4.99908e-01	4.98730e-01	4.87836e-01	4.70116e-01	4.47564e-01	4.44773e-01	4.25126e-01	4.22660e-01	5.04263e-01	4.77999e-01	4.94048e-01	5.21055e-01	5.15611e-01	4.85289e-01	4.85825e-01	4.96998e-01	5.36478e-01	5.95129e-01	8.04593e-01	8.83250e-01	1.00000e+00	8.43819e-01	6.28848e-01	5.53117e-01	4.99387e-01	4.89438e-01	5.19552e-01	5.44208e-01	5.52180e-01	5.45800e-01	5.21115e-01	5.04134e-01	4.97018e-01	5.00430e-01	4.98838e-01	4.86424e-01	4.33091e-01	4.15639e-01	4.53183e-01	4.87611e-01	4.91426e-01	4.86277e-01	4.79272e-01	4.65691e-01	4.60642e-01	4.57367e-01	4.37287e-01	4.42172e-01	4.51553e-01	4.78241e-01	4.91482e-01	4.73689e-01	4.66312e-01	4.47693e-01	4.34646e-01	4.45364e-01	4.61012e-01	4.78240e-01	4.81370e-01	4.81540e-01	4.71785e-01	4.65563e-01	4.63878e-01	4.74352e-01	4.92216e-01	4.95946e-01	4.96369e-01	4.87749e-01	4.75930e-01	4.70303e-01	4.76936e-01	5.08802e-01	4.79954e-01	4.53200e-01	4.71975e-01	4.70412e-01	4.65383e-01	4.66554e-01	4.70615e-01	4.82944e-01	4.50031e-01	4.62177e-01	4.84507e-01	4.82924e-01	4.81199e-01	4.65795e-01	4.52810e-01	4.52401e-01
