1.00000e+00	4.99975e-01	4.66666e-01	5.49812e-01	4.73539e-01	5.51460e-01	5.61761e-01	4.25234e-01	5.19505e-01	5.12521e-01	5.23069e-01	7.65736e-01	4.91175e-01	5.18009e-01	5.37073e-01	4.99390e-01	4.73500e-01	4.90664e-01	5.02820e-01	5.00577e-01	9.50200e-01	7.95564e-01	6.31756e-01	5.12352e-01	5.13485e-01	5.59910e-01	5.83402e-01	5.74744e-01	5.69933e-01	5.76651e-01	5.79416e-01	5.51933e-01	4.80722e-01	4.41581e-01	4.43042e-01	4.82420e-01	4.91151e-01	4.82378e-01	4.96608e-01	5.00006e-01	4.81923e-01	4.63535e-01	4.56211e-01	4.74473e-01	5.00908e-01	5.52943e-01	5.52191e-01	4.80031e-01	4.95077e-01	4.93362e-01	4.69978e-01	4.65800e-01	4.65289e-01	4.47801e-01	4.09697e-01	3.77303e-01	3.86350e-01	4.26033e-01	4.66810e-01	4.42879e-01	4.21445e-01	4.07123e-01	4.08067e-01	4.12974e-01	4.25807e-01	4.46612e-01	4.20732e-01	4.55352e-01	4.49685e-01	4.19848e-01	4.46243e-01	4.99002e-01	5.04350e-01	4.97135e-01	5.02697e-01	4.79032e-01	4.93926e-01	4.48190e-01	4.43835e-01	4.65582e-01	4.85947e-01	5.44781e-01	5.07691e-01	5.13565e-01	5.06480e-01	4.56610e-01	4.66789e-01	5.24135e-01	5.34539e-01	4.92648e-01	4.98248e-01	5.08998e-01	4.46691e-01	4.07870e-01	7.21598e-01	4.90739e-01	5.01261e-01	5.01680e-01	4.72332e-01	4.62858e-01
4.99975e-01	1.00000e+00	8.31104e-01	5.16218e-01	7.27231e-01	8.12551e-01	4.21546e-01	5.02889e-01	8.28379e-01	5.84758e-01	5.84561e-01	4.77495e-01	4.68443e-01	4.32126e-01	4.01631e-01	3.07895e-01	2.65034e-01	2.79879e-01	3.26616e-01	3.91647e-01	4.90674e-01	4.85051e-01	4.89722e-01	5.00716e-01	4.92154e-01	4.69652e-01	4.78010e-01	5.10088e-01	5.27139e-01	5.17705e-01	5.01317e-01	5.03243e-01	5.54757e-01	5.73907e-01	5.81728e-01	5.54656e-01	5.24490e-01	5.28311e-01	5.42086e-01	5.30441e-01	5.18767e-01	5.65816e-01	5.93790e-01	5.49447e-01	5.16891e-01	4.48937e-01	5.08802e-01	5.22690e-01	5.41908e-01	5.64683e-01	5.81300e-01	5.93250e-01	5.75789e-01	5.59551e-01	5.40157e-01	5.33593e-01	5.28156e-01	5.17351e-01	4.56600e-01	4.36437e-01	4.50182e-01	4.86153e-01	5.32595e-01	5.32701e-01	4.96973e-01	5.39243e-01	5.60051e-01	5.60979e-01	5.34343e-01	4.72559e-01	4.37464e-01	4.44410e-01	4.46842e-01	4.69379e-01	4.92339e-01	4.99772e-01	5.03821e-01	5.05226e-01	5.01133e-01	5.67311e-01	5.61585e-01	4.83118e-01	4.48817e-01	4.66311e-01	5.24889e-01	5.10169e-01	4.76155e-01	4.55913e-01	4.72456e-01	5.28271e-01	5.30006e-01	5.13320e-01	5.31060e-01	4.90452e-01	4.69309e-01	4.41810e-01	3.82441e-01	3.42256e-01	3.06948e-01	2.63371e-01
4.66666e-01	8.31104e-01	1.00000e+00	4.24013e-01	7.58292e-01	8.26274e-01	3.82440e-01	5.25536e-01	8.44948e-01	5.97562e-01	5.39895e-01	4.55186e-01	4.54106e-01	3.96393e-01	3.44840e-01	2.59578e-01	2.66545e-01	2.84350e-01	2.99934e-01	3.40857e-01	4.56525e-01	4.58665e-01	4.74315e-01	4.95305e-01	4.83360e-01	4.51498e-01	4.48253e-01	4.79622e-01	5.06488e-01	5.15172e-01	5.14765e-01	5.30960e-01	5.77963e-01	5.81181e-01	5.84869e-01	5.70514e-01	5.16947e-01	5.19797e-01	5.41045e-01	5.61162e-01	5.62127e-01	5.75280e-01	5.86230e-01	5.61346e-01	5.32506e-01	4.67495e-01	4.46479e-01	5.09376e-01	5.02409e-01	4.97129e-01	5.37275e-01	5.63627e-01	5.42523e-01	5.18064e-01	5.34190e-01	6.03351e-01	6.34572e-01	5.82287e-01	5.04159e-01	5.18306e-01	5.49129e-01	5.82433e-01	5.95853e-01	5.72843e-01	5.62358e-01	5.54569e-01	5.58990e-01	5.36515e-01	5.26777e-01	5.30834e-01	5.28080e-01	5.16409e-01	4.88982e-01	4.69848e-01	4.62013e-01	4.82829e-01	4.78323e-01	5.10716e-01	4.97749e-01	5.24779e-01	5.29863e-01	4.76050e-01	4.47024e-01	4.43434e-01	5.19918e-01	5.39138e-01	4.60070e-01	4.20382e-01	4.56733e-01	5.05852e-01	4.94400e-01	4.75627e-01	5.29395e-01	5.18787e-01	4.35103e-01	4.16023e-01	3.43733e-01	2.79998e-01	2.64296e-01	2.75202e-01
5.49812e-01	5.16218e-01	4.24013e-01	1.00000e+00	4.98829e-01	5.16712e-01	6.01225e-01	4.65031e-01	5.29188e-01	4.91996e-01	5.86161e-01	5.46115e-01	5.26397e-01	5.61474e-01	5.88071e-01	5.83126e-01	5.18820e-01	5.15671e-01	5.61724e-01	5.89126e-01	5.50620e-01	5.40633e-01	5.19487e-01	4.90284e-01	5.03386e-01	5.36733e-01	5.55283e-01	5.33769e-01	4.92567e-01	4.53935e-01	4.43075e-01	4.43004e-01	4.61221e-01	4.88014e-01	4.98893e-01	4.94385e-01	5.33940e-01	5.46548e-01	5.27167e-01	4.67832e-01	4.36475e-01	4.50439e-01	4.51883e-01	4.27669e-01	4.31198e-01	4.47981e-01	5.23695e-01	4.72256e-01	5.06193e-01	5.70277e-01	5.15824e-01	5.03155e-01	5.32451e-01	5.52640e-01	4.96990e-01	3.83362e-01	3.36167e-01	3.86019e-01	3.92091e-01	3.42788e-01	3.34162e-01	3.52442e-01	3.80139e-01	4.15051e-01	4.20958e-01	4.94640e-01	5.32582e-01	5.09757e-01	5.00281e-01	4.36765e-01	3.96270e-01	4.30046e-01	4.81680e-01	5.33354e-01	5.64633e-01	5.34586e-01	5.36646e-01	4.84699e-01	4.89523e-01	5.54095e-01	5.58418e-01	5.09488e-01	4.83833e-01	5.71543e-01	5.62300e-01	4.80042e-01	5.09487e-01	5.58598e-01	5.57715e-01	5.64569e-01	5.91882e-01	5.68038e-01	4.62482e-01	4.17158e-01	5.54507e-01	5.48798e-01	5.46647e-01	5.57399e-01	5.34398e-01	4.85465e-01
4.73539e-01	7.27231e-01	7.58292e-01	4.98829e-01	1.00000e+00	7.28987e-01	4.51960e-01	5.15902e-01	7.48565e-01	5.68767e-01	5.50506e-01	4.23460e-01	4.33541e-01	4.28605e-01	3.84680e-01	3.13148e-01	3.32587e-01	3.57235e-01	3.82405e-01	4.12569e-01	4.53602e-01	4.44430e-01	4.49095e-01	4.58344e-01	4.63548e-01	4.59463e-01	4.64587e-01	4.75236e-01	4.83834e-01	4.89129e-01	4.89131e-01	4.95520e-01	5.26475e-01	5.39251e-01	5.31617e-01	5.07063e-01	4.73468e-01	4.89927e-01	5.11801e-01	5.14222e-01	5.08566e-01	5.30539e-01	5.44974e-01	5.20730e-01	5.02205e-01	4.65279e-01	4.92742e-01	5.08303e-01	5.21331e-01	5.46130e-01	5.55420e-01	5.40428e-01	5.12851e-01	4.98956e-01	5.23991e-01	5.80339e-01	6.18574e-01	5.84030e-01	5.19895e-01	5.22194e-01	5.24854e-01	5.33550e-01	5.38758e-01	5.44733e-01	5.78667e-01	5.77279e-01	5.55024e-01	4.97794e-01	4.96405e-01	5.44899e-01	5.55299e-01	5.44316e-01	5.38258e-01	5.27430e-01	5.10868e-01	5.04453e-01	4.93637e-01	4.77486e-01	4.87616e-01	5.04953e-01	5.11828e-01	4.83260e-01	4.75963e-01	4.87095e-01	5.02837e-01	5.19707e-01	4.79013e-01	4.78309e-01	4.88142e-01	5.40857e-01	5.55513e-01	5.22793e-01	5.48452e-01	5.46947e-01	4.09165e-01	4.21873e-01	4.00053e-01	3.36822e-01	3.12664e-01	3.31260e-01
5.51460e-01	8.12551e-01	8.26274e-01	5.16712e-01	7.28987e-01	1.00000e+00	4.58779e-01	4.68181e-01	8.60946e-01	5.83294e-01	5.89568e-01	5.26304e-01	4.70640e-01	4.41528e-01	4.03863e-01	3.14406e-01	3.01194e-01	3.33568e-01	3.82797e-01	4.36008e-01	5.44863e-01	5.28478e-01	5.14812e-01	5.06401e-01	5.07810e-01	5.07795e-01	5.17474e-01	5.32454e-01	5.38355e-01	5.35522e-01	5.33394e-01	5.39353e-01	5.59346e-01	5.58602e-01	5.79619e-01	5.81192e-01	5.43017e-01	5.34106e-01	5.51099e-01	5.50570e-01	5.39846e-01	5.60737e-01	5.79136e-01	5.51837e-01	5.32092e-01	4.79662e-01	4.98686e-01	4.79951e-01	4.89228e-01	5.35074e-01	5.48373e-01	5.45645e-01	5.24519e-01	5.02024e-01	4.82889e-01	4.78121e-01	4.86796e-01	4.88213e-01	4.56466e-01	4.42678e-01	4.47445e-01	4.61076e-01	4.86486e-01	4.96854e-01	4.94097e-01	5.18521e-01	5.01775e-01	4.88639e-01	4.79237e-01	4.39638e-01	4.43121e-01	4.77023e-01	4.74417e-01	4.76125e-01	4.88837e-01	4.87612e-01	4.62803e-01	4.72446e-01	4.84098e-01	5.05718e-01	5.28367e-01	5.28822e-01	4.82204e-01	5.02040e-01	5.14384e-01	4.91479e-01	4.66250e-01	4.66995e-01	4.91175e-01	5.19537e-01	5.26619e-01	5.21236e-01	4.92103e-01	4.40465e-01	5.09355e-01	4.51044e-01	4.00362e-01	3.45925e-01	3.04049e-01	2.96095e-01
5.61761e-01	4.21546e-01	3.82440e-01	6.01225e-01	4.51960e-01	4.58779e-01	1.00000e+00	4.71926e-01	4.18217e-01	5.06615e-01	4.79297e-01	5.57702e-01	5.18555e-01	5.14754e-01	5.28993e-01	5.65129e-01	5.87419e-01	5.94426e-01	5.92882e-01	5.75367e-01	5.53967e-01	5.39340e-01	5.21058e-01	5.07061e-01	5.27069e-01	5.47728e-01	5.42894e-01	5.11919e-01	4.78919e-01	4.58744e-01	4.55070e-01	4.53182e-01	4.44472e-01	4.47687e-01	4.33643e-01	4.40018e-01	4.77661e-01	4.91881e-01	4.76345e-01	4.41891e-01	4.24749e-01	4.06928e-01	3.97375e-01	4.05767e-01	4.21133e-01	4.82664e-01	5.37342e-01	4.95531e-01	4.98684e-01	5.14663e-01	4.74130e-01	4.73321e-01	4.93260e-01	4.96634e-01	4.69779e-01	4.30989e-01	4.25284e-01	4.61712e-01	4.89127e-01	4.66247e-01	4.49635e-01	4.41404e-01	4.23286e-01	4.34613e-01	4.55430e-01	4.79850e-01	4.92093e-01	4.74283e-01	4.87686e-01	4.94887e-01	5.01079e-01	5.05528e-01	5.18498e-01	5.28755e-01	5.31306e-01	5.10904e-01	5.60870e-01	5.24970e-01	5.08113e-01	4.81390e-01	4.87129e-01	5.15436e-01	5.21198e-01	5.47174e-01	5.28787e-01	5.03122e-01	5.11871e-01	5.32733e-01	5.44013e-01	5.13318e-01	5.00636e-01	5.25013e-01	4.98683e-01	4.73087e-01	5.49776e-01	5.27194e-01	5.32258e-01	5.45482e-01	5.60261e-01	5.78466e-01
4.25234e-01	5.02889e-01	5.25536e-01	4.65031e-01	5.15902e-01	4.68181e-01	4.71926e-01	1.00000e+00	4.85339e-01	5.37196e-01	4.78069e-01	4.54412e-01	4.88085e-01	4.55184e-01	4.53711e-01	4.60655e-01	4.61731e-01	4.59133e-01	4.56700e-01	4.62605e-01	4.31956e-01	4.58208e-01	4.84233e-01	4.94212e-01	4.70995e-01	4.47386e-01	4.40337e-01	4.43647e-01	4.37469e-01	4.21474e-01	4.07255e-01	4.02451e-01	4.15981e-01	4.32714e-01	4.57510e-01	4.74426e-01	4.37864e-01	4.40514e-01	4.52878e-01	4.90323e-01	4.92097e-01	4.66226e-01	4.67944e-01	4.69832e-01	4.61362e-01	4.66917e-01	4.57682e-01	4.99575e-01	5.16238e-01	4.80673e-01	5.01660e-01	4.99751e-01	4.89853e-01	5.00475e-01	5.50056e-01	5.93141e-01	5.88928e-01	5.42692e-01	5.15080e-01	5.49137e-01	5.69581e-01	5.79321e-01	5.76743e-01	5.41925e-01	5.12366e-01	4.90786e-01	5.24955e-01	5.17913e-01	5.20453e-01	5.66197e-01	5.73720e-01	5.45325e-01	5.17744e-01	5.36581e-01	6.71369e-01	8.56782e-01	4.81743e-01	4.93702e-01	4.72818e-01	4.65011e-01	4.63627e-01	4.52828e-01	4.60175e-01	4.48876e-01	4.55950e-01	5.25693e-01	5.24556e-01	4.86063e-01	4.70070e-01	4.84639e-01	4.86014e-01	5.09754e-01	6.29354e-01	8.40113e-01	4.57443e-01	4.91801e-01	4.71680e-01	4.69881e-01	4.71734e-01	4.66727e-01
5.19505e-01	8.28379e-01	8.44948e-01	5.29188e-01	7.48565e-01	8.60946e-01	4.18217e-01	4.85339e-01	1.00000e+00	5.69192e-01	6.02167e-01	4.84934e-01	4.57512e-01	4.32060e-01	4.01971e-01	3.06997e-01	2.74000e-01	3.00951e-01	3.62672e-01	4.30154e-01	5.15297e-01	5.09244e-01	5.06404e-01	5.06788e-01	5.00980e-01	4.84865e-01	4.96681e-01	5.31556e-01	5.47280e-01	5.33970e-01	5.16523e-01	5.18926e-01	5.71055e-01	5.91489e-01	5.98473e-01	5.82672e-01	5.51982e-01	5.55734e-01	5.67307e-01	5.36435e-01	5.13736e-01	5.49692e-01	5.73181e-01	5.24305e-01	4.91555e-01	4.21819e-01	4.72660e-01	4.77181e-01	5.07140e-01	5.51059e-01	5.73021e-01	5.87586e-01	5.77870e-01	5.58024e-01	5.23690e-01	5.02248e-01	4.92228e-01	4.78352e-01	4.28743e-01	4.16783e-01	4.25939e-01	4.48729e-01	4.94135e-01	5.08834e-01	4.86008e-01	5.24350e-01	5.36695e-01	5.32173e-01	5.31085e-01	4.70403e-01	4.32578e-01	4.53139e-01	4.69186e-01	4.97492e-01	5.20357e-01	5.10940e-01	4.68537e-01	4.68364e-01	4.66248e-01	5.48160e-01	5.73195e-01	5.22265e-01	4.78249e-01	4.94992e-01	5.33930e-01	5.09159e-01	4.66729e-01	4.62746e-01	4.86942e-01	5.50061e-01	5.60362e-01	5.28113e-01	5.19298e-01	4.68426e-01	4.72969e-01	4.30922e-01	3.68171e-01	3.15215e-01	2.77565e-01	2.58671e-01
5.12521e-01	5.84758e-01	5.97562e-01	4.91996e-01	5.68767e-01	5.83294e-01	5.06615e-01	5.37196e-01	5.69192e-01	1.00000e+00	5.19320e-01	5.13186e-01	4.98458e-01	4.50285e-01	4.42092e-01	4.23166e-01	4.24384e-01	4.21865e-01	4.16495e-01	4.22900e-01	4.95853e-01	4.78818e-01	4.77681e-01	5.00498e-01	5.24193e-01	5.26220e-01	5.13351e-01	4.95168e-01	4.87317e-01	4.99137e-01	5.17998e-01	5.34512e-01	5.31297e-01	5.11994e-01	5.12944e-01	5.30982e-01	5.03082e-01	5.03394e-01	5.13544e-01	5.11104e-01	4.89726e-01	4.72038e-01	5.06632e-01	5.19580e-01	5.14023e-01	5.05831e-01	4.78293e-01	5.22184e-01	5.01028e-01	4.61905e-01	4.71779e-01	4.75614e-01	4.72328e-01	4.65846e-01	4.85020e-01	5.20395e-01	5.40257e-01	5.21755e-01	4.99166e-01	5.24572e-01	5.40800e-01	5.48368e-01	5.54003e-01	5.17289e-01	5.09353e-01	5.08340e-01	5.01597e-01	5.01190e-01	4.66710e-01	4.74169e-01	4.90308e-01	4.83489e-01	4.81202e-01	4.85400e-01	4.90674e-01	5.11149e-01	4.99219e-01	5.15544e-01	5.24944e-01	4.89457e-01	4.77645e-01	5.00127e-01	5.08232e-01	4.91639e-01	4.90282e-01	5.07303e-01	4.91604e-01	4.65114e-01	4.66265e-01	4.73131e-01	4.54729e-01	4.55986e-01	4.76542e-01	5.02036e-01	5.05072e-01	4.91788e-01	4.48991e-01	4.36302e-01	4.46169e-01	4.40022e-01
5.23069e-01	5.84561e-01	5.39895e-01	5.86161e-01	5.50506e-01	5.89568e-01	4.79297e-01	4.78069e-01	6.02167e-01	5.19320e-01	1.00000e+00	5.27738e-01	5.14595e-01	5.01455e-01	5.05293e-01	4.72871e-01	4.13270e-01	4.13698e-01	4.57190e-01	5.20204e-01	5.33493e-01	5.49232e-01	5.54392e-01	5.43688e-01	5.29301e-01	5.19987e-01	5.16710e-01	5.08760e-01	5.01016e-01	5.00871e-01	5.06578e-01	5.07270e-01	5.02859e-01	4.99858e-01	4.93169e-01	5.06271e-01	5.57597e-01	5.65472e-01	5.29152e-01	4.78757e-01	4.71250e-01	4.92559e-01	5.05873e-01	5.02553e-01	5.02502e-01	4.56495e-01	4.68360e-01	4.77690e-01	4.99513e-01	5.59649e-01	5.67639e-01	5.61720e-01	5.58845e-01	5.59559e-01	5.19023e-01	4.45759e-01	3.88317e-01	3.92604e-01	4.05274e-01	3.92577e-01	4.03664e-01	4.10286e-01	4.36401e-01	4.31884e-01	4.02886e-01	4.84064e-01	4.89035e-01	5.05639e-01	5.47857e-01	4.46269e-01	3.80751e-01	4.10980e-01	4.30711e-01	4.69955e-01	5.23848e-01	5.22741e-01	4.92666e-01	5.00969e-01	5.28431e-01	5.92699e-01	5.85567e-01	5.19791e-01	4.69421e-01	5.06173e-01	5.34552e-01	5.11221e-01	5.19357e-01	5.53657e-01	5.49607e-01	5.24149e-01	5.21457e-01	5.28690e-01	4.60194e-01	4.19331e-01	5.36209e-01	5.14228e-01	4.87062e-01	5.09571e-01	4.91105e-01	4.31055e-01
7.65736e-01	4.77495e-01	4.55186e-01	5.46115e-01	4.23460e-01	5.26304e-01	5.57702e-01	4.54412e-01	4.84934e-01	5.13186e-01	5.27738e-01	1.00000e+00	7.10977e-01	5.13086e-01	4.93485e-01	4.75414e-01	4.89414e-01	5.23851e-01	5.45804e-01	5.48220e-01	7.58177e-01	6.83315e-01	5.96374e-01	5.33160e-01	5.20525e-01	5.30973e-01	5.36938e-01	5.31965e-01	5.27496e-01	5.23132e-01	5.14373e-01	4.96148e-01	4.67639e-01	4.57018e-01	4.58925e-01	4.85714e-01	5.10388e-01	4.91018e-01	4.98968e-01	5.04109e-01	4.84681e-01	4.69607e-01	4.55500e-01	4.56756e-01	4.78107e-01	5.42804e-01	5.41139e-01	4.88912e-01	4.61313e-01	4.94266e-01	4.82297e-01	4.72536e-01	4.66349e-01	4.45325e-01	4.07158e-01	3.76021e-01	3.68131e-01	3.89364e-01	4.39990e-01	4.34002e-01	4.20598e-01	3.98133e-01	3.71813e-01	3.79258e-01	4.07571e-01	4.50855e-01	4.17597e-01	4.40413e-01	4.49754e-01	4.12361e-01	4.33921e-01	4.91579e-01	5.02168e-01	4.96209e-01	5.04093e-01	4.95951e-01	4.78450e-01	4.48301e-01	4.75622e-01	5.09659e-01	5.10737e-01	5.59488e-01	5.21758e-01	5.30519e-01	5.17986e-01	4.55313e-01	4.72317e-01	5.28883e-01	5.14729e-01	4.48316e-01	4.60093e-01	5.05336e-01	4.54035e-01	4.14419e-01	9.43643e-01	6.60250e-01	5.01779e-01	4.83120e-01	4.59112e-01	4.75864e-01
4.91175e-01	4.68443e-01	4.54106e-01	5.26397e-01	4.33541e-01	4.70640e-01	5.18555e-01	4.88085e-01	4.57512e-01	4.98458e-01	5.14595e-01	7.10977e-01	1.00000e+00	7.63283e-01	5.20627e-01	4.20795e-01	4.32655e-01	4.59750e-01	4.93206e-01	5.22334e-01	4.94974e-01	5.03839e-01	5.09460e-01	5.01936e-01	4.96434e-01	5.02306e-01	5.11031e-01	5.10069e-01	4.94448e-01	4.76954e-01	4.73889e-01	4.91145e-01	5.20141e-01	5.32144e-01	5.11593e-01	4.90050e-01	5.17862e-01	5.12313e-01	5.05792e-01	5.09061e-01	5.13452e-01	5.16339e-01	5.06794e-01	4.98898e-01	5.01298e-01	5.12347e-01	4.85577e-01	4.91588e-01	4.74214e-01	4.98931e-01	4.83899e-01	4.72686e-01	4.72859e-01	4.66708e-01	4.41287e-01	4.12216e-01	3.97519e-01	4.04694e-01	4.30240e-01	4.24488e-01	4.22533e-01	4.17003e-01	4.10602e-01	4.18204e-01	4.28664e-01	4.64069e-01	4.62618e-01	4.82879e-01	5.13149e-01	4.57333e-01	4.34973e-01	4.69519e-01	4.77759e-01	4.83972e-01	5.03910e-01	5.07064e-01	5.09107e-01	5.10865e-01	5.21285e-01	5.69559e-01	5.57042e-01	5.17398e-01	4.85292e-01	4.54539e-01	4.72148e-01	4.73496e-01	4.99396e-01	5.23263e-01	5.07475e-01	4.71841e-01	4.65237e-01	4.83350e-01	4.60364e-01	4.55278e-01	6.89066e-01	8.69480e-01	6.67333e-01	5.05394e-01	4.30668e-01	4.33077e-01
5.18009e-01	4.32126e-01	3.96393e-01	5.61474e-01	4.28605e-01	4.41528e-01	5.14754e-01	4.55184e-01	4.32060e-01	4.50285e-01	5.01455e-01	5.13086e-01	7.63283e-01	1.00000e+00	8.34603e-01	5.63764e-01	4.03218e-01	4.10608e-01	4.63048e-01	4.96394e-01	5.17055e-01	5.09576e-01	4.95628e-01	4.76089e-01	4.76893e-01	4.99103e-01	5.15107e-01	5.15442e-01	5.10162e-01	5.08605e-01	5.23255e-01	5.53203e-01	5.76777e-01	5.74886e-01	5.51423e-01	5.09041e-01	5.32552e-01	5.22226e-01	5.20473e-01	5.35439e-01	5.50992e-01	5.65550e-01	5.56603e-01	5.34822e-01	5.23964e-01	5.11846e-01	5.30037e-01	4.90608e-01	4.82228e-01	4.79506e-01	4.46871e-01	4.28303e-01	4.33666e-01	4.29755e-01	4.00649e-01	3.66611e-01	3.69673e-01	3.82252e-01	3.94874e-01	3.76722e-01	3.75265e-01	3.91587e-01	4.06820e-01	4.24833e-01	4.31401e-01	4.32557e-01	4.34894e-01	4.69284e-01	4.87248e-01	4.33993e-01	4.09420e-01	4.42385e-01	4.78408e-01	5.08854e-01	5.20485e-01	4.96621e-01	5.15630e-01	5.12685e-01	5.07921e-01	5.31566e-01	5.32620e-01	5.13952e-01	5.02501e-01	4.80629e-01	4.73013e-01	4.74511e-01	5.11814e-01	5.22097e-01	5.00790e-01	5.05435e-01	5.19772e-01	4.95240e-01	4.52923e-01	4.48537e-01	5.13546e-01	7.05620e-01	8.45872e-01	6.89597e-01	4.72012e-01	3.90865e-01
5.37073e-01	4.01631e-01	3.44840e-01	5.88071e-01	3.84680e-01	4.03863e-01	5.28993e-01	4.53711e-01	4.01971e-01	4.42092e-01	5.05293e-01	4.93485e-01	5.20627e-01	8.34603e-01	1.00000e+00	8.33706e-01	4.63927e-01	4.17025e-01	4.67968e-01	5.02656e-01	5.36076e-01	5.25169e-01	5.06733e-01	4.83383e-01	4.80042e-01	4.98230e-01	5.11101e-01	5.10609e-01	5.12055e-01	5.19796e-01	5.41784e-01	5.71918e-01	5.80093e-01	5.65977e-01	5.36267e-01	4.92294e-01	5.27014e-01	5.32654e-01	5.39065e-01	5.53128e-01	5.61242e-01	5.71824e-01	5.53416e-01	5.23658e-01	5.13785e-01	5.18693e-01	5.57782e-01	4.85548e-01	4.97815e-01	4.96861e-01	4.31807e-01	4.05051e-01	4.21064e-01	4.28377e-01	3.97727e-01	3.42561e-01	3.31440e-01	3.56637e-01	3.75604e-01	3.53465e-01	3.55536e-01	3.80829e-01	3.97903e-01	4.16204e-01	4.15677e-01	4.27919e-01	4.28687e-01	4.63965e-01	4.78130e-01	4.27677e-01	4.04550e-01	4.38739e-01	4.80604e-01	5.15773e-01	5.28744e-01	5.03079e-01	5.08790e-01	4.92338e-01	4.97444e-01	5.24775e-01	5.37485e-01	5.31075e-01	5.25805e-01	5.39229e-01	5.04123e-01	4.63635e-01	4.98169e-01	5.26855e-01	5.16945e-01	5.25836e-01	5.36674e-01	5.09352e-01	4.46804e-01	4.26679e-01	5.03226e-01	4.99385e-01	6.97665e-01	8.15747e-01	6.48281e-01	4.39807e-01
4.99390e-01	3.07895e-01	2.59578e-01	5.83126e-01	3.13148e-01	3.14406e-01	5.65129e-01	4.60655e-01	3.06997e-01	4.23166e-01	4.72871e-01	4.75414e-01	4.20795e-01	5.63764e-01	8.33706e-01	1.00000e+00	7.57438e-01	6.45246e-01	6.01922e-01	5.72481e-01	4.99060e-01	4.90242e-01	4.76147e-01	4.68642e-01	4.86755e-01	5.09523e-01	5.12845e-01	4.96324e-01	4.87269e-01	4.95115e-01	5.20694e-01	5.49540e-01	5.42907e-01	5.29626e-01	4.96503e-01	4.62798e-01	5.22092e-01	5.42136e-01	5.36181e-01	5.26357e-01	5.30855e-01	5.29241e-01	5.01941e-01	4.95597e-01	5.03881e-01	5.23399e-01	5.29897e-01	4.71032e-01	4.85337e-01	4.88481e-01	4.01811e-01	3.74425e-01	4.05534e-01	4.28172e-01	4.02492e-01	3.34577e-01	3.13582e-01	3.56072e-01	4.01939e-01	3.82493e-01	3.80164e-01	3.96012e-01	3.92989e-01	4.03726e-01	4.06348e-01	4.19749e-01	4.12035e-01	4.47260e-01	4.67616e-01	4.36269e-01	4.25420e-01	4.51680e-01	4.92867e-01	5.27178e-01	5.45720e-01	5.20292e-01	5.06070e-01	4.94070e-01	5.00775e-01	5.05734e-01	5.18804e-01	5.30387e-01	5.51064e-01	5.77291e-01	5.16540e-01	4.62978e-01	5.00068e-01	5.34629e-01	5.24321e-01	5.09234e-01	5.23904e-01	5.24916e-01	4.50608e-01	4.33620e-01	4.89311e-01	4.16530e-01	5.08979e-01	7.68761e-01	8.43240e-01	7.12614e-01
4.73500e-01	2.65034e-01	2.66545e-01	5.18820e-01	3.32587e-01	3.01194e-01	5.87419e-01	4.61731e-01	2.74000e-01	4.24384e-01	4.13270e-01	4.89414e-01	4.32655e-01	4.03218e-01	4.63927e-01	7.57438e-01	1.00000e+00	9.48335e-01	8.06321e-01	6.61978e-01	4.71487e-01	4.60746e-01	4.48738e-01	4.56794e-01	4.98804e-01	5.28799e-01	5.20872e-01	4.93772e-01	4.81690e-01	4.92030e-01	5.10177e-01	5.17629e-01	4.81762e-01	4.66491e-01	4.44964e-01	4.46988e-01	4.94001e-01	5.03279e-01	4.93434e-01	4.88760e-01	4.94898e-01	4.68178e-01	4.45762e-01	4.77935e-01	5.05326e-01	5.48347e-01	5.07708e-01	4.72143e-01	4.48359e-01	4.40964e-01	3.88194e-01	3.66332e-01	3.84865e-01	3.96276e-01	3.94919e-01	3.82162e-01	4.03631e-01	4.42775e-01	4.94567e-01	4.93339e-01	4.82724e-01	4.68405e-01	4.34780e-01	4.34816e-01	4.52455e-01	4.30475e-01	4.00474e-01	4.13409e-01	4.27646e-01	4.59201e-01	5.00806e-01	5.20294e-01	5.44945e-01	5.41972e-01	5.24729e-01	4.99004e-01	4.89601e-01	4.82916e-01	4.90712e-01	4.41605e-01	4.41732e-01	5.06096e-01	5.63879e-01	5.68062e-01	4.92043e-01	4.64792e-01	5.08423e-01	5.19861e-01	5.01468e-01	4.56728e-01	4.78707e-01	5.20604e-01	4.78848e-01	4.77226e-01	4.91636e-01	4.38188e-01	4.46886e-01	5.24898e-01	7.30087e-01	9.45123e-01
4.90664e-01	2.79879e-01	2.84350e-01	5.15671e-01	3.57235e-01	3.33568e-01	5.94426e-01	4.59133e-01	3.00951e-01	4.21865e-01	4.13698e-01	5.23851e-01	4.59750e-01	4.10608e-01	4.17025e-01	6.45246e-01	9.48335e-01	1.00000e+00	9.30875e-01	7.83395e-01	4.94105e-01	4.84318e-01	4.67034e-01	4.65590e-01	5.06747e-01	5.41298e-01	5.32181e-01	5.01512e-01	4.88440e-01	4.97342e-01	5.09430e-01	5.04569e-01	4.57025e-01	4.42743e-01	4.31883e-01	4.55258e-01	4.88538e-01	4.84152e-01	4.73861e-01	4.76279e-01	4.82105e-01	4.51311e-01	4.35021e-01	4.70762e-01	4.99967e-01	5.47670e-01	5.10040e-01	4.74344e-01	4.36289e-01	4.40497e-01	4.00100e-01	3.78597e-01	3.92785e-01	3.95457e-01	3.85235e-01	3.75079e-01	4.07846e-01	4.52482e-01	5.03906e-01	4.98729e-01	4.80670e-01	4.56500e-01	4.23886e-01	4.29107e-01	4.50361e-01	4.23806e-01	3.91612e-01	3.89691e-01	4.08118e-01	4.47769e-01	5.02283e-01	5.30021e-01	5.47601e-01	5.34363e-01	5.17516e-01	4.96068e-01	4.88360e-01	4.66662e-01	4.94463e-01	4.37086e-01	4.33658e-01	5.23362e-01	5.77291e-01	5.70419e-01	4.89099e-01	4.50783e-01	5.01122e-01	5.28141e-01	5.06695e-01	4.43512e-01	4.66295e-01	5.13199e-01	4.75401e-01	4.77643e-01	5.22710e-01	4.66327e-01	4.65203e-01	4.81275e-01	6.25656e-01	8.88539e-01
5.02820e-01	3.26616e-01	2.99934e-01	5.61724e-01	3.82405e-01	3.82797e-01	5.92882e-01	4.56700e-01	3.62672e-01	4.16495e-01	4.57190e-01	5.45804e-01	4.93206e-01	4.63048e-01	4.67968e-01	6.01922e-01	8.06321e-01	9.30875e-01	1.00000e+00	9.35782e-01	5.13463e-01	5.09244e-01	4.90930e-01	4.78429e-01	5.10624e-01	5.46411e-01	5.45357e-01	5.20988e-01	5.03135e-01	4.96482e-01	4.96151e-01	4.81545e-01	4.39650e-01	4.37285e-01	4.38281e-01	4.73403e-01	5.05905e-01	4.94131e-01	4.76548e-01	4.65779e-01	4.65799e-01	4.50207e-01	4.41823e-01	4.60863e-01	4.83233e-01	5.17820e-01	5.18780e-01	4.74636e-01	4.41439e-01	4.78016e-01	4.36877e-01	4.13402e-01	4.32084e-01	4.35082e-01	3.96404e-01	3.44085e-01	3.53685e-01	4.06797e-01	4.57459e-01	4.37460e-01	4.16184e-01	3.96010e-01	3.77875e-01	3.94549e-01	4.13715e-01	4.17699e-01	4.04650e-01	3.91856e-01	4.18669e-01	4.22439e-01	4.51729e-01	4.92903e-01	5.15723e-01	5.19739e-01	5.33086e-01	5.14478e-01	4.98512e-01	4.55702e-01	5.02583e-01	4.70756e-01	4.65830e-01	5.46569e-01	5.78336e-01	5.79088e-01	5.08283e-01	4.44627e-01	5.03140e-01	5.52359e-01	5.28640e-01	4.65498e-01	4.91015e-01	5.23605e-01	4.61184e-01	4.55669e-01	5.50921e-01	5.05534e-01	5.04946e-01	5.11473e-01	5.70960e-01	7.46884e-01
5.00577e-01	3.91647e-01	3.40857e-01	5.89126e-01	4.12569e-01	4.36008e-01	5.75367e-01	4.62605e-01	4.30154e-01	4.22900e-01	5.20204e-01	5.48220e-01	5.22334e-01	4.96394e-01	5.02656e-01	5.72481e-01	6.61978e-01	7.83395e-01	9.35782e-01	1.00000e+00	5.15647e-01	5.19042e-01	5.06651e-01	4.93212e-01	5.14565e-01	5.44973e-01	5.54297e-01	5.40423e-01	5.14615e-01	4.86970e-01	4.72851e-01	4.56457e-01	4.34044e-01	4.42556e-01	4.52476e-01	4.90303e-01	5.25929e-01	5.17400e-01	4.91260e-01	4.63741e-01	4.59450e-01	4.64064e-01	4.67617e-01	4.72590e-01	4.85141e-01	4.89103e-01	5.15684e-01	4.79035e-01	4.55037e-01	5.15640e-01	4.78041e-01	4.59180e-01	4.82143e-01	4.89164e-01	4.31674e-01	3.44228e-01	3.20496e-01	3.67583e-01	4.10415e-01	3.84921e-01	3.70280e-01	3.60207e-01	3.58498e-01	3.77269e-01	3.86141e-01	4.28014e-01	4.40743e-01	4.29332e-01	4.57946e-01	4.16796e-01	4.06752e-01	4.47240e-01	4.69681e-01	4.93376e-01	5.37897e-01	5.28142e-01	5.11368e-01	4.62977e-01	5.17906e-01	5.17916e-01	5.05345e-01	5.44770e-01	5.52829e-01	5.63960e-01	5.28381e-01	4.59350e-01	5.11032e-01	5.63976e-01	5.39441e-01	4.88753e-01	5.10637e-01	5.33868e-01	4.60358e-01	4.41532e-01	5.63766e-01	5.42900e-01	5.28267e-01	5.37118e-01	5.55327e-01	6.24307e-01
9.50200e-01	4.90674e-01	4.56525e-01	5.50620e-01	4.53602e-01	5.44863e-01	5.53967e-01	4.31956e-01	5.15297e-01	4.95853e-01	5.33493e-01	7.58177e-01	4.94974e-01	5.17055e-01	5.36076e-01	4.99060e-01	4.71487e-01	4.94105e-01	5.13463e-01	5.15647e-01	1.00000e+00	9.25009e-01	7.55038e-01	5.66915e-01	5.16963e-01	5.51720e-01	5.73007e-01	5.57130e-01	5.45570e-01	5.49528e-01	5.53911e-01	5.31143e-01	4.69021e-01	4.38824e-01	4.45793e-01	4.83291e-01	5.00200e-01	4.87652e-01	4.94025e-01	4.87474e-01	4.68874e-01	4.60308e-01	4.54948e-01	4.72752e-01	5.03042e-01	5.58544e-01	5.57218e-01	4.70674e-01	4.82205e-01	4.86763e-01	4.63295e-01	4.65258e-01	4.69402e-01	4.53286e-01	4.11177e-01	3.72415e-01	3.79344e-01	4.19049e-01	4.55459e-01	4.32643e-01	4.12325e-01	3.93606e-01	3.91217e-01	4.01142e-01	4.17034e-01	4.40802e-01	4.09681e-01	4.50196e-01	4.53244e-01	4.17988e-01	4.43345e-01	4.98779e-01	5.05911e-01	4.98764e-01	5.04634e-01	4.83690e-01	4.91761e-01	4.52624e-01	4.56212e-01	4.85041e-01	5.06292e-01	5.53127e-01	4.97073e-01	5.11678e-01	5.06528e-01	4.54932e-01	4.72460e-01	5.24770e-01	5.26971e-01	4.78853e-01	4.89695e-01	5.08966e-01	4.36813e-01	4.03214e-01	7.68673e-01	5.01678e-01	4.94913e-01	4.92544e-01	4.61649e-01	4.58415e-01
7.95564e-01	4.85051e-01	4.58665e-01	5.40633e-01	4.44430e-01	5.28478e-01	5.39340e-01	4.58208e-01	5.09244e-01	4.78818e-01	5.49232e-01	6.83315e-01	5.03839e-01	5.09576e-01	5.25169e-01	4.90242e-01	4.60746e-01	4.84318e-01	5.09244e-01	5.19042e-01	9.25009e-01	1.00000e+00	9.26289e-01	7.16416e-01	5.75236e-01	5.56694e-01	5.59561e-01	5.36796e-01	5.13082e-01	5.04526e-01	5.05798e-01	4.96471e-01	4.67475e-01	4.56185e-01	4.53017e-01	4.68494e-01	5.00800e-01	4.90226e-01	4.88839e-01	4.74811e-01	4.59017e-01	4.63464e-01	4.60938e-01	4.75967e-01	5.06162e-01	5.49279e-01	5.45266e-01	4.74082e-01	4.81436e-01	4.92788e-01	4.74975e-01	4.79998e-01	4.86693e-01	4.74999e-01	4.32058e-01	3.87947e-01	3.87063e-01	4.21401e-01	4.46010e-01	4.26131e-01	4.13019e-01	3.99444e-01	3.95392e-01	4.03599e-01	4.16466e-01	4.45412e-01	4.24707e-01	4.63198e-01	4.62810e-01	4.18399e-01	4.38038e-01	4.89701e-01	4.94103e-01	4.88324e-01	4.97740e-01	4.90515e-01	4.93931e-01	4.69582e-01	4.82758e-01	5.19048e-01	5.29636e-01	5.42898e-01	4.83899e-01	5.07621e-01	5.05418e-01	4.61720e-01	4.83371e-01	5.19957e-01	5.21665e-01	4.77201e-01	4.74797e-01	5.00458e-01	4.36244e-01	4.10542e-01	7.42633e-01	5.13695e-01	4.91861e-01	4.90094e-01	4.58514e-01	4.55166e-01
6.31756e-01	4.89722e-01	4.74315e-01	5.19487e-01	4.49095e-01	5.14812e-01	5.21058e-01	4.84233e-01	5.06404e-01	4.77681e-01	5.54392e-01	5.96374e-01	5.09460e-01	4.95628e-01	5.06733e-01	4.76147e-01	4.48738e-01	4.67034e-01	4.90930e-01	5.06651e-01	7.55038e-01	9.26289e-01	1.00000e+00	8.90963e-01	7.05223e-01	6.09019e-01	5.63957e-01	5.29951e-01	4.98663e-01	4.80437e-01	4.76064e-01	4.77506e-01	4.81446e-01	4.85835e-01	4.68868e-01	4.56869e-01	4.93518e-01	4.88063e-01	4.84591e-01	4.69389e-01	4.57736e-01	4.67704e-01	4.65416e-01	4.76341e-01	5.03222e-01	5.36084e-01	5.21974e-01	4.87712e-01	4.91376e-01	5.04965e-01	4.96068e-01	4.98978e-01	5.03718e-01	4.95510e-01	4.57510e-01	4.18284e-01	4.10153e-01	4.30118e-01	4.42576e-01	4.29062e-01	4.26658e-01	4.26570e-01	4.26805e-01	4.27358e-01	4.28217e-01	4.52582e-01	4.52666e-01	4.78913e-01	4.66288e-01	4.18212e-01	4.29230e-01	4.70074e-01	4.69320e-01	4.66796e-01	4.81259e-01	4.91139e-01	4.95428e-01	4.85884e-01	5.03453e-01	5.39619e-01	5.34336e-01	5.16096e-01	4.76611e-01	5.06664e-01	5.04941e-01	4.71407e-01	4.86220e-01	5.07998e-01	5.20848e-01	4.87456e-01	4.67300e-01	4.94166e-01	4.48043e-01	4.23026e-01	6.55777e-01	5.20632e-01	4.96039e-01	4.96159e-01	4.67248e-01	4.56267e-01
5.12352e-01	5.00716e-01	4.95305e-01	4.90284e-01	4.58344e-01	5.06401e-01	5.07061e-01	4.94212e-01	5.06788e-01	5.00498e-01	5.43688e-01	5.33160e-01	5.01936e-01	4.76089e-01	4.83383e-01	4.68642e-01	4.56794e-01	4.65590e-01	4.78429e-01	4.93212e-01	5.66915e-01	7.16416e-01	8.90963e-01	1.00000e+00	9.10526e-01	7.59398e-01	6.24826e-01	5.47563e-01	5.02658e-01	4.82895e-01	4.75187e-01	4.78420e-01	4.97711e-01	5.10013e-01	4.90715e-01	4.64969e-01	4.86625e-01	4.84318e-01	4.81243e-01	4.71018e-01	4.65911e-01	4.72941e-01	4.66414e-01	4.70705e-01	4.91952e-01	5.25527e-01	4.99226e-01	4.99923e-01	5.00348e-01	5.12699e-01	5.07507e-01	5.03204e-01	5.05386e-01	5.00097e-01	4.70897e-01	4.45142e-01	4.36383e-01	4.35625e-01	4.36863e-01	4.33783e-01	4.44831e-01	4.62307e-01	4.70560e-01	4.63723e-01	4.48497e-01	4.55494e-01	4.77721e-01	4.90885e-01	4.67196e-01	4.20571e-01	4.17439e-01	4.43078e-01	4.45583e-01	4.52338e-01	4.64139e-01	4.80982e-01	4.91557e-01	4.89889e-01	5.06774e-01	5.38179e-01	5.17592e-01	4.82594e-01	4.74512e-01	5.01219e-01	5.00984e-01	4.86006e-01	4.85659e-01	4.92010e-01	5.16733e-01	4.94409e-01	4.66425e-01	4.92005e-01	4.61752e-01	4.31673e-01	5.65240e-01	5.18512e-01	5.04460e-01	5.07469e-01	4.90626e-01	4.72611e-01
5.13485e-01	4.92154e-01	4.83360e-01	5.03386e-01	4.63548e-01	5.07810e-01	5.27069e-01	4.70995e-01	5.00980e-01	5.24193e-01	5.29301e-01	5.20525e-01	4.96434e-01	4.76893e-01	4.80042e-01	4.86755e-01	4.98804e-01	5.06747e-01	5.10624e-01	5.14565e-01	5.16963e-01	5.75236e-01	7.05223e-01	9.10526e-01	1.00000e+00	9.24676e-01	7.60729e-01	6.19611e-01	5.31250e-01	5.00859e-01	4.94283e-01	4.91651e-01	4.93743e-01	4.98687e-01	4.80744e-01	4.68073e-01	4.86788e-01	4.90526e-01	4.83782e-01	4.68344e-01	4.64723e-01	4.63366e-01	4.55434e-01	4.58548e-01	4.76338e-01	5.14732e-01	5.01452e-01	4.92837e-01	4.91442e-01	5.04512e-01	4.89345e-01	4.84190e-01	4.90158e-01	4.84404e-01	4.51611e-01	4.24957e-01	4.26000e-01	4.29591e-01	4.34743e-01	4.28619e-01	4.36010e-01	4.53780e-01	4.67019e-01	4.68334e-01	4.55934e-01	4.53249e-01	4.78859e-01	4.84611e-01	4.58814e-01	4.24340e-01	4.17731e-01	4.37846e-01	4.48350e-01	4.61884e-01	4.63361e-01	4.65782e-01	4.89169e-01	4.77663e-01	4.92518e-01	5.16862e-01	4.99270e-01	4.86443e-01	4.92053e-01	4.99072e-01	4.92808e-01	4.93278e-01	4.90568e-01	4.95509e-01	5.19655e-01	4.95361e-01	4.72858e-01	4.92506e-01	4.54484e-01	4.21298e-01	5.31622e-01	5.17477e-01	5.14825e-01	5.16478e-01	5.13244e-01	5.05753e-01
5.59910e-01	4.69652e-01	4.51498e-01	5.36733e-01	4.59463e-01	5.07795e-01	5.47728e-01	4.47386e-01	4.84865e-01	5.26220e-01	5.19987e-01	5.30973e-01	5.02306e-01	4.99103e-01	4.98230e-01	5.09523e-01	5.28799e-01	5.41298e-01	5.46411e-01	5.44973e-01	5.51720e-01	5.56694e-01	6.09019e-01	7.59398e-01	9.24676e-01	1.00000e+00	9.28361e-01	7.60069e-01	6.01044e-01	5.25756e-01	5.14244e-01	5.08721e-01	4.85740e-01	4.75395e-01	4.52888e-01	4.59457e-01	4.91694e-01	4.96156e-01	4.79823e-01	4.55884e-01	4.53084e-01	4.46905e-01	4.38426e-01	4.43872e-01	4.59942e-01	4.96339e-01	5.11948e-01	4.74677e-01	4.69455e-01	4.91477e-01	4.68199e-01	4.63925e-01	4.74488e-01	4.67085e-01	4.24721e-01	3.87740e-01	4.00310e-01	4.27687e-01	4.45553e-01	4.25509e-01	4.15409e-01	4.18494e-01	4.31303e-01	4.48819e-01	4.52027e-01	4.52122e-01	4.66457e-01	4.67099e-01	4.43055e-01	4.26856e-01	4.30049e-01	4.49878e-01	4.57376e-01	4.69002e-01	4.71010e-01	4.62544e-01	4.87217e-01	4.59617e-01	4.76634e-01	5.00641e-01	4.92779e-01	5.06451e-01	5.16341e-01	5.13056e-01	4.86233e-01	4.81199e-01	4.92962e-01	5.09034e-01	5.20190e-01	4.96160e-01	4.85993e-01	4.93638e-01	4.40230e-01	4.11650e-01	5.33156e-01	5.22188e-01	5.27143e-01	5.22166e-01	5.20245e-01	5.26600e-01
5.83402e-01	4.78010e-01	4.48253e-01	5.55283e-01	4.64587e-01	5.17474e-01	5.42894e-01	4.40337e-01	4.96681e-01	5.13351e-01	5.16710e-01	5.36938e-01	5.11031e-01	5.15107e-01	5.11101e-01	5.12845e-01	5.20872e-01	5.32181e-01	5.45357e-01	5.54297e-01	5.73007e-01	5.59561e-01	5.63957e-01	6.24826e-01	7.60729e-01	9.28361e-01	1.00000e+00	9.11656e-01	7.31859e-01	5.86973e-01	5.35262e-01	5.10424e-01	4.81731e-01	4.69423e-01	4.49643e-01	4.60897e-01	4.93398e-01	4.93727e-01	4.71681e-01	4.49796e-01	4.50855e-01	4.50610e-01	4.41890e-01	4.36690e-01	4.42957e-01	4.63718e-01	5.14801e-01	4.71132e-01	4.61889e-01	4.96580e-01	4.74270e-01	4.68304e-01	4.78753e-01	4.71997e-01	4.21828e-01	3.70727e-01	3.81621e-01	4.25838e-01	4.46800e-01	4.18070e-01	3.97266e-01	3.91239e-01	4.10317e-01	4.41165e-01	4.45994e-01	4.55612e-01	4.60918e-01	4.68137e-01	4.52937e-01	4.35727e-01	4.33127e-01	4.47831e-01	4.52957e-01	4.69059e-01	4.81492e-01	4.70071e-01	4.94620e-01	4.63517e-01	4.74982e-01	5.04555e-01	5.01832e-01	5.06918e-01	5.17553e-01	5.20811e-01	4.88869e-01	4.70035e-01	4.84067e-01	5.09452e-01	5.11885e-01	5.06420e-01	5.11544e-01	5.01785e-01	4.43044e-01	4.15071e-01	5.35321e-01	5.25865e-01	5.25866e-01	5.16334e-01	5.12339e-01	5.19811e-01
5.74744e-01	5.10088e-01	4.79622e-01	5.33769e-01	4.75236e-01	5.32454e-01	5.11919e-01	4.43647e-01	5.31556e-01	4.95168e-01	5.08760e-01	5.31965e-01	5.10069e-01	5.15442e-01	5.10609e-01	4.96324e-01	4.93772e-01	5.01512e-01	5.20988e-01	5.40423e-01	5.57130e-01	5.36796e-01	5.29951e-01	5.47563e-01	6.19611e-01	7.60069e-01	9.11656e-01	1.00000e+00	9.21331e-01	7.43625e-01	6.17431e-01	5.26287e-01	4.85087e-01	4.77542e-01	4.76595e-01	4.79975e-01	4.85000e-01	4.76389e-01	4.54164e-01	4.51775e-01	4.63560e-01	4.70075e-01	4.57929e-01	4.39507e-01	4.38903e-01	4.53083e-01	5.13592e-01	4.85389e-01	4.72198e-01	5.05527e-01	4.88273e-01	4.80016e-01	4.85262e-01	4.78825e-01	4.29999e-01	3.75978e-01	3.77914e-01	4.16217e-01	4.33678e-01	4.08903e-01	3.92136e-01	3.91869e-01	4.16678e-01	4.51710e-01	4.45186e-01	4.54172e-01	4.59728e-01	4.85167e-01	4.80786e-01	4.37243e-01	4.17172e-01	4.30259e-01	4.36066e-01	4.57590e-01	4.78076e-01	4.71140e-01	5.02935e-01	4.80882e-01	4.80059e-01	5.09448e-01	5.07924e-01	4.90469e-01	4.94946e-01	5.05753e-01	5.02144e-01	4.76798e-01	4.70800e-01	4.96542e-01	5.04473e-01	5.15525e-01	5.27316e-01	5.04416e-01	4.52703e-01	4.20499e-01	5.26847e-01	5.24467e-01	5.22759e-01	5.13999e-01	5.04703e-01	5.00754e-01
5.69933e-01	5.27139e-01	5.06488e-01	4.92567e-01	4.83834e-01	5.38355e-01	4.78919e-01	4.37469e-01	5.47280e-01	4.87317e-01	5.01016e-01	5.27496e-01	4.94448e-01	5.10162e-01	5.12055e-01	4.87269e-01	4.81690e-01	4.88440e-01	5.03135e-01	5.14615e-01	5.45570e-01	5.13082e-01	4.98663e-01	5.02658e-01	5.31250e-01	6.01044e-01	7.31859e-01	9.21331e-01	1.00000e+00	9.18880e-01	7.82341e-01	6.17826e-01	5.05309e-01	4.74478e-01	4.89722e-01	4.92038e-01	4.65328e-01	4.50063e-01	4.39360e-01	4.66844e-01	4.85323e-01	4.82588e-01	4.69777e-01	4.61445e-01	4.66965e-01	4.88101e-01	5.13031e-01	4.87347e-01	4.78597e-01	4.93770e-01	4.81196e-01	4.78554e-01	4.79321e-01	4.69197e-01	4.34100e-01	4.02870e-01	4.05959e-01	4.22153e-01	4.36336e-01	4.24799e-01	4.16900e-01	4.19561e-01	4.37188e-01	4.65371e-01	4.57488e-01	4.49400e-01	4.48843e-01	4.85540e-01	4.85751e-01	4.30660e-01	4.12667e-01	4.28600e-01	4.27835e-01	4.40377e-01	4.54748e-01	4.52657e-01	4.97806e-01	4.78318e-01	4.71509e-01	4.87482e-01	4.93401e-01	4.96212e-01	4.85712e-01	4.84729e-01	5.02023e-01	4.76919e-01	4.61115e-01	4.94929e-01	5.09368e-01	5.06884e-01	5.13905e-01	4.95469e-01	4.54019e-01	4.20926e-01	5.17870e-01	5.10743e-01	5.24704e-01	5.25528e-01	5.08156e-01	4.92561e-01
5.76651e-01	5.17705e-01	5.15172e-01	4.53935e-01	4.89129e-01	5.35522e-01	4.58744e-01	4.21474e-01	5.33970e-01	4.99137e-01	5.00871e-01	5.23132e-01	4.76954e-01	5.08605e-01	5.19796e-01	4.95115e-01	4.92030e-01	4.97342e-01	4.96482e-01	4.86970e-01	5.49528e-01	5.04526e-01	4.80437e-01	4.82895e-01	5.00859e-01	5.25756e-01	5.86973e-01	7.43625e-01	9.18880e-01	1.00000e+00	9.45636e-01	7.70002e-01	5.56744e-01	4.66979e-01	4.72749e-01	4.85420e-01	4.45377e-01	4.29305e-01	4.36216e-01	4.89222e-01	5.06549e-01	4.82667e-01	4.72280e-01	4.90998e-01	5.08993e-01	5.39858e-01	5.09997e-01	4.71104e-01	4.69408e-01	4.63986e-01	4.58371e-01	4.65245e-01	4.62919e-01	4.46949e-01	4.31761e-01	4.37321e-01	4.52692e-01	4.47546e-01	4.60606e-01	4.63303e-01	4.58935e-01	4.52557e-01	4.57568e-01	4.75863e-01	4.76320e-01	4.43812e-01	4.30679e-01	4.67669e-01	4.65558e-01	4.24753e-01	4.27404e-01	4.44845e-01	4.33119e-01	4.26713e-01	4.22431e-01	4.21739e-01	4.80725e-01	4.60940e-01	4.59295e-01	4.51382e-01	4.65321e-01	5.19841e-01	4.98768e-01	4.73946e-01	4.85332e-01	4.64835e-01	4.52779e-01	4.96145e-01	5.11937e-01	4.80259e-01	4.81604e-01	4.81032e-01	4.47970e-01	4.16982e-01	5.07529e-01	4.90431e-01	5.28062e-01	5.42660e-01	5.23052e-01	5.04324e-01
5.79416e-01	5.01317e-01	5.14765e-01	4.43075e-01	4.89131e-01	5.33394e-01	4.55070e-01	4.07255e-01	5.16523e-01	5.17998e-01	5.06578e-01	5.14373e-01	4.73889e-01	5.23255e-01	5.41784e-01	5.20694e-01	5.10177e-01	5.09430e-01	4.96151e-01	4.72851e-01	5.53911e-01	5.05798e-01	4.76064e-01	4.75187e-01	4.94283e-01	5.14244e-01	5.35262e-01	6.17431e-01	7.82341e-01	9.45636e-01	1.00000e+00	9.09947e-01	6.55525e-01	4.95758e-01	4.57699e-01	4.76583e-01	4.46137e-01	4.28356e-01	4.39466e-01	4.96266e-01	5.12643e-01	4.79475e-01	4.69468e-01	5.01499e-01	5.24554e-01	5.56281e-01	5.04051e-01	4.51510e-01	4.52202e-01	4.42809e-01	4.43005e-01	4.54927e-01	4.51209e-01	4.32387e-01	4.28942e-01	4.54444e-01	4.80399e-01	4.70496e-01	4.81556e-01	4.86504e-01	4.77507e-01	4.60874e-01	4.62622e-01	4.78775e-01	4.80495e-01	4.35741e-01	4.15655e-01	4.50666e-01	4.50352e-01	4.25444e-01	4.39452e-01	4.56583e-01	4.40149e-01	4.22470e-01	4.06072e-01	4.03469e-01	4.67123e-01	4.53086e-01	4.62386e-01	4.34668e-01	4.46757e-01	5.24747e-01	5.05652e-01	4.77553e-01	4.71780e-01	4.51069e-01	4.46508e-01	4.91217e-01	5.07811e-01	4.63215e-01	4.62646e-01	4.73263e-01	4.42815e-01	4.09309e-01	4.94468e-01	4.79828e-01	5.32431e-01	5.56408e-01	5.40520e-01	5.21836e-01
5.51933e-01	5.03243e-01	5.30960e-01	4.43004e-01	4.95520e-01	5.39353e-01	4.53182e-01	4.02451e-01	5.18926e-01	5.34512e-01	5.07270e-01	4.96148e-01	4.91145e-01	5.53203e-01	5.71918e-01	5.49540e-01	5.17629e-01	5.04569e-01	4.81545e-01	4.56457e-01	5.31143e-01	4.96471e-01	4.77506e-01	4.78420e-01	4.91651e-01	5.08721e-01	5.10424e-01	5.26287e-01	6.17826e-01	7.70002e-01	9.09947e-01	1.00000e+00	8.55791e-01	6.54838e-01	5.23969e-01	4.77951e-01	4.55371e-01	4.36552e-01	4.40478e-01	4.83758e-01	5.01218e-01	4.78293e-01	4.71579e-01	4.94099e-01	5.08907e-01	5.26359e-01	4.86607e-01	4.43353e-01	4.44938e-01	4.38163e-01	4.43738e-01	4.55324e-01	4.50322e-01	4.33635e-01	4.39198e-01	4.71999e-01	5.04212e-01	5.00432e-01	4.97495e-01	4.95050e-01	4.82302e-01	4.67536e-01	4.74913e-01	4.89184e-01	4.79040e-01	4.32225e-01	4.15646e-01	4.43183e-01	4.40996e-01	4.25659e-01	4.39208e-01	4.49095e-01	4.36193e-01	4.19997e-01	3.95570e-01	3.92434e-01	4.60838e-01	4.56440e-01	4.71558e-01	4.36928e-01	4.37802e-01	4.92707e-01	4.87804e-01	4.75653e-01	4.58733e-01	4.46365e-01	4.47045e-01	4.79842e-01	4.97546e-01	4.63455e-01	4.51842e-01	4.61842e-01	4.46743e-01	4.06800e-01	4.77099e-01	4.85227e-01	5.37186e-01	5.60445e-01	5.49588e-01	5.29916e-01
4.80722e-01	5.54757e-01	5.77963e-01	4.61221e-01	5.26475e-01	5.59346e-01	4.44472e-01	4.15981e-01	5.71055e-01	5.31297e-01	5.02859e-01	4.67639e-01	5.20141e-01	5.76777e-01	5.80093e-01	5.42907e-01	4.81762e-01	4.57025e-01	4.39650e-01	4.34044e-01	4.69021e-01	4.67475e-01	4.81446e-01	4.97711e-01	4.93743e-01	4.85740e-01	4.81731e-01	4.85087e-01	5.05309e-01	5.56744e-01	6.55525e-01	8.55791e-01	1.00000e+00	9.23237e-01	7.36239e-01	5.08702e-01	4.67230e-01	4.50386e-01	4.42674e-01	4.61366e-01	4.74199e-01	4.80454e-01	4.86599e-01	4.75104e-01	4.67879e-01	4.60744e-01	4.66402e-01	4.75276e-01	4.86660e-01	4.78001e-01	4.78067e-01	4.90445e-01	4.89516e-01	4.79370e-01	4.78280e-01	4.92439e-01	5.12254e-01	5.18979e-01	4.90002e-01	4.75412e-01	4.72061e-01	4.84043e-01	4.98517e-01	5.05579e-01	4.87948e-01	4.59326e-01	4.61512e-01	4.73192e-01	4.58720e-01	4.33437e-01	4.24749e-01	4.16551e-01	4.18924e-01	4.27942e-01	4.07904e-01	4.02834e-01	4.77420e-01	4.72775e-01	4.66984e-01	4.62938e-01	4.56899e-01	4.37392e-01	4.41833e-01	4.60109e-01	4.60380e-01	4.69429e-01	4.67318e-01	4.72394e-01	4.84585e-01	4.98992e-01	4.72054e-01	4.48734e-01	4.62306e-01	4.24256e-01	4.61795e-01	5.01516e-01	5.32388e-01	5.36295e-01	5.18459e-01	4.90216e-01
