1.00000e+00	4.88890e-01	4.70718e-01	5.44227e-01	4.79741e-01	4.92684e-01	5.14294e-01	4.68295e-01	4.81895e-01	4.92071e-01	4.89671e-01	8.60498e-01	6.10499e-01	4.99485e-01	4.71239e-01	4.81394e-01	4.79811e-01	4.71927e-01	4.71195e-01	4.75071e-01	9.32970e-01	7.03400e-01	5.77769e-01	5.36204e-01	5.18798e-01	5.22406e-01	5.24396e-01	5.13881e-01	5.02111e-01	4.99507e-01	5.08989e-01	5.19076e-01	5.20885e-01	5.23494e-01	5.17006e-01	4.92005e-01	4.62857e-01	4.80691e-01	5.05275e-01	5.03494e-01	5.04455e-01	5.11797e-01	5.12513e-01	4.98544e-01	4.95976e-01	4.68211e-01	4.59208e-01	4.51812e-01	4.48190e-01	4.46307e-01	4.67221e-01	4.83711e-01	4.86996e-01	4.96727e-01	5.09281e-01	5.09104e-01	5.00353e-01	4.77517e-01	4.93289e-01	4.83790e-01	4.75915e-01	4.80951e-01	4.77416e-01	4.99622e-01	4.91204e-01	4.97566e-01	5.02564e-01	4.84244e-01	4.81412e-01	5.04638e-01	5.27873e-01	4.99166e-01	5.04828e-01	4.99893e-01	4.65554e-01	4.70919e-01	4.78261e-01	4.67266e-01	4.70979e-01	4.66398e-01	4.59143e-01	4.54311e-01	4.52055e-01	4.53723e-01	4.45405e-01	4.44655e-01	4.49683e-01	4.47625e-01	4.44764e-01	4.39162e-01	4.35688e-01	4.55454e-01	4.70918e-01	4.60418e-01	7.45356e-01	5.52982e-01	4.84210e-01	4.82312e-01	4.82383e-01	4.81683e-01
4.88890e-01	1.00000e+00	7.18694e-01	4.22231e-01	6.29917e-01	6.96616e-01	4.24769e-01	4.79154e-01	7.44147e-01	5.07199e-01	5.00928e-01	4.85365e-01	4.85595e-01	4.73165e-01	4.67619e-01	4.72613e-01	4.79827e-01	4.86557e-01	5.04926e-01	5.23634e-01	4.73536e-01	4.66402e-01	4.87703e-01	5.14963e-01	5.30162e-01	5.21335e-01	4.99554e-01	4.72529e-01	4.63429e-01	4.71320e-01	4.71367e-01	4.79002e-01	4.87054e-01	4.99341e-01	5.08527e-01	4.93076e-01	4.92018e-01	5.25945e-01	5.13806e-01	5.28705e-01	5.42765e-01	5.40620e-01	4.84696e-01	4.77538e-01	5.04233e-01	4.86415e-01	4.65994e-01	4.63980e-01	4.73934e-01	4.91152e-01	5.14222e-01	5.09669e-01	4.85307e-01	5.07926e-01	4.98730e-01	4.60701e-01	4.45217e-01	4.65079e-01	5.02167e-01	4.95862e-01	4.95561e-01	5.26484e-01	5.05124e-01	4.79629e-01	4.83625e-01	4.75981e-01	4.61208e-01	4.43848e-01	4.55178e-01	4.68478e-01	4.76560e-01	4.74391e-01	4.93485e-01	5.03093e-01	4.99816e-01	4.80515e-01	5.86516e-01	6.15794e-01	6.07733e-01	5.85172e-01	5.43810e-01	5.16063e-01	5.05691e-01	5.10653e-01	5.06597e-01	4.84422e-01	4.62543e-01	4.57952e-01	4.55945e-01	4.67512e-01	4.72379e-01	4.57840e-01	4.81369e-01	4.92448e-01	4.68913e-01	4.85159e-01	4.85836e-01	4.74037e-01	4.77939e-01	4.98793e-01
4.70718e-01	7.18694e-01	1.00000e+00	4.06498e-01	6.40847e-01	8.38873e-01	4.88919e-01	4.95543e-01	8.90347e-01	5.33106e-01	5.35912e-01	4.76589e-01	4.96560e-01	5.05313e-01	5.02576e-01	4.98919e-01	5.16849e-01	5.29698e-01	5.36869e-01	5.39369e-01	4.60211e-01	4.76473e-01	5.06230e-01	5.29663e-01	5.32774e-01	5.00606e-01	4.76288e-01	4.75716e-01	4.99770e-01	5.21351e-01	4.98068e-01	4.66609e-01	4.72970e-01	4.82771e-01	4.88742e-01	4.73864e-01	4.74750e-01	4.94391e-01	5.01201e-01	5.34114e-01	5.48425e-01	5.58755e-01	5.08591e-01	5.02161e-01	4.87823e-01	4.89685e-01	4.80096e-01	4.84600e-01	4.93215e-01	4.92272e-01	4.96106e-01	4.86189e-01	4.46119e-01	4.29717e-01	4.17432e-01	4.15155e-01	4.54245e-01	4.70765e-01	4.29915e-01	4.49304e-01	4.62400e-01	4.86615e-01	4.54463e-01	4.58829e-01	4.74654e-01	4.49870e-01	4.36684e-01	3.99937e-01	4.04829e-01	4.24657e-01	4.62505e-01	5.00226e-01	5.08114e-01	4.95900e-01	5.10774e-01	5.00294e-01	5.94685e-01	6.24421e-01	5.81975e-01	5.59961e-01	5.34702e-01	5.17482e-01	5.09274e-01	5.07200e-01	5.19413e-01	5.29334e-01	5.19749e-01	5.00918e-01	4.49465e-01	4.45361e-01	4.82484e-01	4.93188e-01	5.08167e-01	4.99715e-01	4.64486e-01	5.07076e-01	5.29039e-01	5.02184e-01	5.00286e-01	5.31597e-01
5.44227e-01	4.22231e-01	4.06498e-01	1.00000e+00	4.75566e-01	4.47688e-01	6.41598e-01	5.13977e-01	3.93514e-01	5.15977e-01	5.36890e-01	5.43336e-01	5.31777e-01	5.34650e-01	5.15588e-01	4.99533e-01	5.05511e-01	5.13516e-01	5.04432e-01	4.92148e-01	5.36725e-01	5.19564e-01	5.08204e-01	5.10604e-01	5.19528e-01	5.20623e-01	5.24591e-01	5.33925e-01	5.15396e-01	4.89928e-01	5.02696e-01	5.18712e-01	5.13747e-01	5.05342e-01	4.93653e-01	4.99606e-01	5.06862e-01	4.82887e-01	4.77144e-01	4.76694e-01	4.81341e-01	4.98422e-01	4.89102e-01	5.18018e-01	4.99902e-01	4.69749e-01	5.09878e-01	5.12170e-01	5.03270e-01	4.95887e-01	4.90389e-01	5.06113e-01	5.18677e-01	5.04220e-01	4.91793e-01	4.90274e-01	5.14822e-01	5.10320e-01	4.62792e-01	4.67615e-01	4.69490e-01	4.55278e-01	4.93471e-01	4.95164e-01	5.07047e-01	5.06714e-01	5.08546e-01	5.02226e-01	5.23855e-01	5.29796e-01	5.08737e-01	5.16060e-01	5.00778e-01	5.06636e-01	5.08576e-01	5.03931e-01	4.57581e-01	4.23681e-01	4.09380e-01	4.07003e-01	4.27968e-01	4.46747e-01	4.61752e-01	4.71195e-01	4.70929e-01	4.94560e-01	5.18714e-01	5.02275e-01	4.90369e-01	5.04118e-01	5.05376e-01	5.11203e-01	5.17159e-01	5.13469e-01	5.24342e-01	5.13860e-01	5.24996e-01	5.07415e-01	4.88575e-01	4.77609e-01
4.79741e-01	6.29917e-01	6.40847e-01	4.75566e-01	1.00000e+00	6.45518e-01	5.48155e-01	4.97669e-01	6.61977e-01	5.34774e-01	5.10252e-01	4.80003e-01	4.89196e-01	4.94482e-01	5.03982e-01	4.96683e-01	4.88865e-01	4.97557e-01	5.21577e-01	5.41617e-01	4.70101e-01	4.77350e-01	4.88164e-01	5.06180e-01	5.19184e-01	5.03358e-01	4.88187e-01	4.83146e-01	4.87140e-01	4.88709e-01	4.66522e-01	4.54687e-01	4.75076e-01	4.85274e-01	4.84204e-01	4.58244e-01	4.67627e-01	5.11533e-01	5.13043e-01	4.88380e-01	4.86982e-01	4.83072e-01	4.75621e-01	4.88468e-01	5.04506e-01	4.84090e-01	4.87099e-01	5.06318e-01	5.12277e-01	5.23558e-01	5.35146e-01	5.24938e-01	5.01567e-01	5.00117e-01	4.77863e-01	4.49518e-01	4.55665e-01	4.69426e-01	4.76309e-01	4.76596e-01	4.74988e-01	5.02195e-01	5.04045e-01	4.98593e-01	5.20681e-01	4.83466e-01	4.66067e-01	4.62317e-01	4.70091e-01	4.77610e-01	4.70339e-01	4.80853e-01	5.19743e-01	5.23183e-01	5.11976e-01	4.93353e-01	5.79738e-01	5.89746e-01	5.44904e-01	5.20746e-01	4.95180e-01	4.88213e-01	5.06405e-01	5.15241e-01	5.07711e-01	5.00219e-01	5.05093e-01	4.86523e-01	4.58953e-01	4.66500e-01	4.91114e-01	4.92212e-01	4.80660e-01	4.91339e-01	4.74426e-01	4.90403e-01	5.03829e-01	4.96406e-01	4.82698e-01	4.84136e-01
4.92684e-01	6.96616e-01	8.38873e-01	4.47688e-01	6.45518e-01	1.00000e+00	5.11135e-01	5.16801e-01	8.77344e-01	5.54591e-01	5.34243e-01	4.93508e-01	4.98293e-01	5.08902e-01	5.22522e-01	5.14909e-01	5.16985e-01	5.21899e-01	5.30706e-01	5.44307e-01	4.84773e-01	4.96192e-01	5.16925e-01	5.41506e-01	5.54643e-01	5.27241e-01	4.90641e-01	4.65817e-01	4.75755e-01	5.05411e-01	4.99475e-01	4.75891e-01	4.70262e-01	4.79353e-01	4.87528e-01	4.67347e-01	4.56078e-01	4.54698e-01	4.72098e-01	5.24628e-01	5.44457e-01	5.48563e-01	5.15205e-01	5.01746e-01	4.71002e-01	4.83223e-01	4.94469e-01	4.97366e-01	5.02274e-01	5.00030e-01	5.01855e-01	4.87656e-01	4.51107e-01	4.40392e-01	4.25582e-01	4.19339e-01	4.49836e-01	4.71380e-01	4.37416e-01	4.58810e-01	4.62112e-01	4.91301e-01	4.67818e-01	4.72629e-01	4.73744e-01	4.44714e-01	4.36356e-01	3.97809e-01	4.00478e-01	4.25121e-01	4.71248e-01	5.12894e-01	5.17610e-01	4.98340e-01	5.18501e-01	5.17511e-01	5.63923e-01	6.02895e-01	5.78140e-01	5.61388e-01	5.42302e-01	5.27556e-01	5.10911e-01	4.94479e-01	5.00849e-01	5.13835e-01	5.03932e-01	4.77608e-01	4.36777e-01	4.31690e-01	4.53078e-01	4.63534e-01	4.98716e-01	5.19591e-01	4.82273e-01	5.13746e-01	5.39054e-01	5.25803e-01	5.14106e-01	5.24610e-01
5.14294e-01	4.24769e-01	4.88919e-01	6.41598e-01	5.48155e-01	5.11135e-01	1.00000e+00	5.39946e-01	4.74340e-01	5.49861e-01	5.76868e-01	5.17449e-01	5.00830e-01	5.21895e-01	5.13156e-01	4.89183e-01	5.09698e-01	5.32798e-01	5.30956e-01	5.16787e-01	4.95041e-01	4.88237e-01	4.81176e-01	4.69126e-01	4.75033e-01	4.81147e-01	4.90139e-01	5.13495e-01	5.31608e-01	5.33684e-01	5.28415e-01	5.09863e-01	4.93954e-01	4.87387e-01	4.80605e-01	4.82825e-01	4.87208e-01	4.84766e-01	4.93817e-01	4.90731e-01	4.92414e-01	5.04924e-01	5.03843e-01	5.07698e-01	4.93851e-01	5.07549e-01	5.13421e-01	5.32528e-01	5.37515e-01	5.34520e-01	5.09022e-01	4.96831e-01	4.84527e-01	4.62408e-01	4.65863e-01	4.88314e-01	5.15735e-01	5.09900e-01	4.29620e-01	4.34193e-01	4.37079e-01	4.41008e-01	4.79522e-01	5.06807e-01	5.30344e-01	4.84088e-01	4.78272e-01	4.73191e-01	4.79372e-01	4.81863e-01	4.92540e-01	5.37338e-01	5.57914e-01	5.42973e-01	5.18852e-01	5.22669e-01	4.53158e-01	4.54395e-01	4.54323e-01	4.34915e-01	4.34770e-01	4.52093e-01	4.90179e-01	5.08926e-01	5.16413e-01	5.40794e-01	5.42282e-01	5.10636e-01	4.66577e-01	4.75143e-01	5.10259e-01	5.15237e-01	5.02966e-01	5.19817e-01	4.89990e-01	4.82846e-01	5.23827e-01	5.08760e-01	4.89403e-01	4.91676e-01
4.68295e-01	4.79154e-01	4.95543e-01	5.13977e-01	4.97669e-01	5.16801e-01	5.39946e-01	1.00000e+00	5.04886e-01	5.03000e-01	5.04952e-01	4.71001e-01	4.67731e-01	4.92499e-01	5.13638e-01	5.01334e-01	5.03557e-01	5.08992e-01	5.07818e-01	5.10522e-01	4.60945e-01	4.71208e-01	4.73825e-01	4.72725e-01	4.78434e-01	4.81630e-01	4.79371e-01	4.79073e-01	4.81401e-01	4.82387e-01	4.90463e-01	4.90095e-01	4.65033e-01	4.47189e-01	4.45630e-01	4.59773e-01	4.85867e-01	4.97891e-01	4.94402e-01	4.81879e-01	4.85842e-01	4.99708e-01	5.08651e-01	5.07450e-01	4.77347e-01	4.86705e-01	5.08053e-01	4.98519e-01	4.93807e-01	4.91819e-01	4.80618e-01	4.84210e-01	5.04227e-01	4.96081e-01	4.78742e-01	4.78546e-01	4.81953e-01	4.80300e-01	4.42909e-01	4.54741e-01	4.61289e-01	4.89524e-01	5.25471e-01	5.35365e-01	4.98162e-01	4.54689e-01	4.62075e-01	4.69819e-01	4.58771e-01	4.61116e-01	4.95572e-01	4.95895e-01	4.64092e-01	4.89218e-01	6.25642e-01	8.73486e-01	5.12986e-01	5.03213e-01	4.90265e-01	4.84405e-01	4.91006e-01	5.00836e-01	5.11800e-01	5.09902e-01	5.02239e-01	4.98941e-01	5.06043e-01	5.01085e-01	4.87299e-01	4.85917e-01	4.87937e-01	4.61720e-01	5.09220e-01	8.15026e-01	4.54121e-01	4.62909e-01	4.98937e-01	4.98339e-01	4.84665e-01	4.85669e-01
4.81895e-01	7.44147e-01	8.90347e-01	3.93514e-01	6.61977e-01	8.77344e-01	4.74340e-01	5.04886e-01	1.00000e+00	5.30160e-01	5.44913e-01	4.85746e-01	4.95260e-01	5.08763e-01	5.19073e-01	5.11903e-01	5.19540e-01	5.31126e-01	5.46212e-01	5.59049e-01	4.66683e-01	4.74998e-01	5.00947e-01	5.23474e-01	5.29891e-01	5.04022e-01	4.80832e-01	4.74268e-01	4.96827e-01	5.25331e-01	4.99961e-01	4.58730e-01	4.67327e-01	4.74482e-01	4.71437e-01	4.47695e-01	4.66593e-01	4.96256e-01	5.00336e-01	5.37158e-01	5.56005e-01	5.70327e-01	5.13534e-01	4.89754e-01	4.78042e-01	4.71043e-01	4.69598e-01	4.83313e-01	4.95528e-01	4.96993e-01	5.01679e-01	4.85040e-01	4.46192e-01	4.48726e-01	4.41056e-01	4.20409e-01	4.48817e-01	4.67207e-01	4.34499e-01	4.55611e-01	4.65884e-01	5.02326e-01	4.70595e-01	4.78221e-01	4.77203e-01	4.42024e-01	4.45414e-01	4.04553e-01	3.95818e-01	4.14868e-01	4.60729e-01	5.04045e-01	5.21146e-01	5.04711e-01	5.06901e-01	4.99012e-01	5.89938e-01	6.16207e-01	5.78388e-01	5.66116e-01	5.51167e-01	5.34738e-01	5.12307e-01	4.92920e-01	4.95298e-01	4.97851e-01	4.90532e-01	4.83545e-01	4.39308e-01	4.27187e-01	4.54052e-01	4.67115e-01	4.99904e-01	5.11298e-01	4.64882e-01	5.05921e-01	5.37645e-01	5.21670e-01	5.13789e-01	5.37112e-01
4.92071e-01	5.07199e-01	5.33106e-01	5.15977e-01	5.34774e-01	5.54591e-01	5.49861e-01	5.03000e-01	5.30160e-01	1.00000e+00	4.89605e-01	5.02963e-01	5.01804e-01	5.00491e-01	4.81055e-01	4.70118e-01	4.78566e-01	4.84319e-01	4.79380e-01	4.72925e-01	4.87735e-01	4.88691e-01	4.92933e-01	5.09460e-01	5.25246e-01	5.26898e-01	5.24435e-01	5.23785e-01	5.18377e-01	5.06716e-01	4.90743e-01	4.65688e-01	4.52682e-01	4.69557e-01	4.87474e-01	4.80767e-01	4.61221e-01	4.45124e-01	4.52907e-01	4.90775e-01	5.09680e-01	5.02688e-01	5.04466e-01	5.38112e-01	5.07940e-01	4.74605e-01	4.91437e-01	5.16651e-01	5.23474e-01	5.08312e-01	4.77066e-01	4.67298e-01	4.60061e-01	4.44636e-01	4.57835e-01	4.84041e-01	5.08034e-01	4.97983e-01	4.74304e-01	4.65966e-01	4.73410e-01	4.88344e-01	5.09609e-01	5.03538e-01	4.90401e-01	4.96865e-01	4.90781e-01	4.97073e-01	4.94319e-01	4.85234e-01	4.69896e-01	4.85724e-01	5.15053e-01	5.36996e-01	5.17577e-01	4.99433e-01	4.99313e-01	5.11140e-01	5.14577e-01	5.13638e-01	5.14899e-01	5.22765e-01	5.21839e-01	5.02751e-01	4.84355e-01	4.84546e-01	5.09035e-01	5.14591e-01	4.95858e-01	4.89740e-01	5.01979e-01	5.14247e-01	5.11921e-01	5.01633e-01	5.00733e-01	5.25686e-01	5.24947e-01	4.96830e-01	4.81941e-01	4.93300e-01
4.89671e-01	5.00928e-01	5.35912e-01	5.36890e-01	5.10252e-01	5.34243e-01	5.76868e-01	5.04952e-01	5.44913e-01	4.89605e-01	1.00000e+00	4.90112e-01	4.89651e-01	5.13703e-01	5.21931e-01	4.97242e-01	5.03685e-01	5.19491e-01	5.25693e-01	5.27196e-01	4.82223e-01	4.87128e-01	4.80588e-01	4.66234e-01	4.68076e-01	4.74716e-01	4.94033e-01	5.28016e-01	5.39275e-01	5.22970e-01	5.13281e-01	5.20554e-01	5.18005e-01	5.03593e-01	4.90512e-01	5.00969e-01	5.06935e-01	5.10818e-01	5.18972e-01	5.15926e-01	5.15014e-01	5.10229e-01	4.88322e-01	4.99398e-01	4.85529e-01	4.95808e-01	5.02331e-01	5.00731e-01	5.03097e-01	5.02456e-01	4.97756e-01	5.01944e-01	4.99413e-01	4.58156e-01	4.44587e-01	4.58130e-01	4.84584e-01	5.14732e-01	4.82694e-01	4.79860e-01	4.65730e-01	4.64151e-01	4.63487e-01	4.72660e-01	4.86885e-01	4.67431e-01	4.67072e-01	4.66058e-01	4.72140e-01	4.78679e-01	4.76404e-01	4.95091e-01	5.22630e-01	5.14102e-01	4.94175e-01	4.85523e-01	4.94229e-01	4.91223e-01	4.97226e-01	4.93458e-01	4.91610e-01	4.94128e-01	4.99110e-01	4.95377e-01	4.94797e-01	5.09503e-01	5.12478e-01	5.02578e-01	4.81141e-01	4.72371e-01	4.79630e-01	4.98959e-01	5.05407e-01	4.89869e-01	4.71489e-01	4.74547e-01	5.11080e-01	5.13673e-01	4.99160e-01	5.01782e-01
8.60498e-01	4.85365e-01	4.76589e-01	5.43336e-01	4.80003e-01	4.93508e-01	5.17449e-01	4.71001e-01	4.85746e-01	5.02963e-01	4.90112e-01	1.00000e+00	8.00053e-01	5.86381e-01	4.92045e-01	4.85741e-01	4.86836e-01	4.85551e-01	4.81663e-01	4.76486e-01	8.04052e-01	6.47765e-01	5.44496e-01	5.04222e-01	4.91392e-01	5.02864e-01	5.06395e-01	4.95714e-01	4.92443e-01	4.96980e-01	4.96294e-01	4.90808e-01	4.94176e-01	4.92477e-01	4.84678e-01	4.73093e-01	4.68884e-01	4.77392e-01	4.95040e-01	5.06481e-01	5.08877e-01	5.11862e-01	5.05014e-01	4.93851e-01	4.90291e-01	4.77021e-01	4.67605e-01	4.63059e-01	4.60370e-01	4.60228e-01	4.76595e-01	4.78441e-01	4.67320e-01	4.79231e-01	5.00831e-01	5.05167e-01	4.79277e-01	4.60454e-01	4.86215e-01	4.74490e-01	4.66369e-01	4.75775e-01	4.70966e-01	4.76829e-01	4.75524e-01	5.06254e-01	5.11786e-01	4.68745e-01	4.65906e-01	4.96346e-01	5.12862e-01	4.92562e-01	5.04023e-01	4.97542e-01	4.74588e-01	4.81710e-01	4.76148e-01	4.61599e-01	4.55983e-01	4.54677e-01	4.64103e-01	4.68716e-01	4.62388e-01	4.63776e-01	4.58198e-01	4.58314e-01	4.62583e-01	4.63004e-01	4.56986e-01	4.47628e-01	4.41211e-01	4.56103e-01	4.75934e-01	4.62521e-01	8.61826e-01	6.84906e-01	5.26080e-01	4.89796e-01	4.89616e-01	4.96529e-01
6.10499e-01	4.85595e-01	4.96560e-01	5.31777e-01	4.89196e-01	4.98293e-01	5.00830e-01	4.67731e-01	4.95260e-01	5.01804e-01	4.89651e-01	8.00053e-01	1.00000e+00	8.73351e-01	5.85023e-01	5.15880e-01	4.92428e-01	4.85147e-01	4.80593e-01	4.77290e-01	6.09778e-01	5.61007e-01	5.14729e-01	4.95134e-01	4.70029e-01	4.68320e-01	4.73461e-01	4.73885e-01	4.77167e-01	4.79282e-01	4.82442e-01	4.91560e-01	4.80999e-01	4.82281e-01	4.84672e-01	4.74852e-01	4.62821e-01	4.54542e-01	4.77947e-01	5.01269e-01	5.05148e-01	5.01292e-01	4.98371e-01	5.04662e-01	5.02069e-01	4.93663e-01	4.83207e-01	4.77210e-01	4.79355e-01	4.70230e-01	4.64639e-01	4.63797e-01	4.61733e-01	4.78809e-01	4.97205e-01	5.03300e-01	4.72099e-01	4.54695e-01	5.06379e-01	5.05331e-01	4.87289e-01	4.84706e-01	4.87972e-01	4.75577e-01	4.44986e-01	5.00503e-01	5.01147e-01	4.54845e-01	4.56760e-01	4.69850e-01	4.86177e-01	5.04284e-01	4.93906e-01	4.84763e-01	4.93967e-01	4.88784e-01	4.69422e-01	4.73463e-01	4.58211e-01	4.59490e-01	4.73159e-01	4.77103e-01	4.64828e-01	4.57468e-01	4.50903e-01	4.49210e-01	4.48750e-01	4.44359e-01	4.54971e-01	4.68385e-01	4.61529e-01	4.68100e-01	4.99200e-01	4.89697e-01	8.14796e-01	8.80439e-01	6.70560e-01	5.25750e-01	4.96337e-01	4.87843e-01
4.99485e-01	4.73165e-01	5.05313e-01	5.34650e-01	4.94482e-01	5.08902e-01	5.21895e-01	4.92499e-01	5.08763e-01	5.00491e-01	5.13703e-01	5.86381e-01	8.73351e-01	1.00000e+00	7.68135e-01	6.09384e-01	5.21784e-01	5.00772e-01	4.91559e-01	4.87449e-01	5.09591e-01	5.12169e-01	5.03898e-01	4.85574e-01	4.58474e-01	4.49838e-01	4.57478e-01	4.74003e-01	4.88129e-01	4.92036e-01	4.96742e-01	5.01168e-01	4.78969e-01	4.73285e-01	4.73926e-01	4.75873e-01	4.69902e-01	4.57914e-01	4.76372e-01	4.84335e-01	4.84871e-01	4.83612e-01	4.71954e-01	4.88662e-01	4.86575e-01	4.77577e-01	4.94940e-01	4.92671e-01	4.94500e-01	4.85999e-01	4.73578e-01	4.73379e-01	4.75756e-01	4.68951e-01	4.68104e-01	4.83778e-01	4.78831e-01	4.80525e-01	4.83260e-01	4.84871e-01	4.70493e-01	4.78100e-01	4.94138e-01	4.84239e-01	4.46113e-01	4.84144e-01	4.83152e-01	4.54370e-01	4.64621e-01	4.68396e-01	4.68226e-01	5.05422e-01	5.00977e-01	4.83976e-01	4.95220e-01	4.95283e-01	4.63380e-01	4.77479e-01	4.57141e-01	4.48955e-01	4.57924e-01	4.64443e-01	4.69568e-01	4.67730e-01	4.58529e-01	4.63825e-01	4.64375e-01	4.48969e-01	4.50482e-01	4.72877e-01	4.86244e-01	4.92896e-01	5.14333e-01	5.14675e-01	6.29950e-01	8.13118e-01	8.00571e-01	6.30147e-01	5.34263e-01	4.89296e-01
4.71239e-01	4.67619e-01	5.02576e-01	5.15588e-01	5.03982e-01	5.22522e-01	5.13156e-01	5.13638e-01	5.19073e-01	4.81055e-01	5.21931e-01	4.92045e-01	5.85023e-01	7.68135e-01	1.00000e+00	8.97992e-01	6.71155e-01	5.55568e-01	5.02775e-01	4.92280e-01	4.75875e-01	4.92618e-01	4.88756e-01	4.68354e-01	4.57033e-01	4.51728e-01	4.56721e-01	4.70788e-01	4.84141e-01	4.88334e-01	4.94026e-01	4.90513e-01	4.64891e-01	4.61897e-01	4.74121e-01	4.95793e-01	5.09741e-01	4.82956e-01	4.71737e-01	4.53470e-01	4.52502e-01	4.55236e-01	4.54215e-01	4.72605e-01	4.81736e-01	4.76166e-01	4.92782e-01	4.80712e-01	4.81280e-01	4.87942e-01	4.92094e-01	4.87746e-01	4.78212e-01	4.57614e-01	4.59064e-01	4.91154e-01	4.82598e-01	4.95655e-01	4.57512e-01	4.54002e-01	4.58485e-01	4.66855e-01	4.82235e-01	4.83543e-01	4.77481e-01	4.99210e-01	4.76920e-01	4.61750e-01	4.72099e-01	4.70075e-01	4.49715e-01	4.83475e-01	5.04263e-01	4.88189e-01	4.94863e-01	5.08458e-01	4.33974e-01	4.28511e-01	4.27865e-01	4.28225e-01	4.36571e-01	4.45169e-01	4.62372e-01	4.71315e-01	4.64100e-01	4.79733e-01	4.84149e-01	4.65584e-01	4.55790e-01	4.71211e-01	4.84678e-01	4.72347e-01	4.84714e-01	5.22050e-01	5.04352e-01	5.78502e-01	7.48916e-01	8.80191e-01	7.50919e-01	5.55973e-01
4.81394e-01	4.72613e-01	4.98919e-01	4.99533e-01	4.96683e-01	5.14909e-01	4.89183e-01	5.01334e-01	5.11903e-01	4.70118e-01	4.97242e-01	4.85741e-01	5.15880e-01	6.09384e-01	8.97992e-01	1.00000e+00	8.85619e-01	7.32226e-01	6.00101e-01	5.22582e-01	4.73870e-01	4.76129e-01	4.78256e-01	4.70799e-01	4.64556e-01	4.61045e-01	4.65289e-01	4.70087e-01	4.70363e-01	4.63073e-01	4.67893e-01	4.84394e-01	4.68598e-01	4.65793e-01	4.76092e-01	4.97572e-01	5.14639e-01	4.75739e-01	4.48486e-01	4.32217e-01	4.35117e-01	4.42234e-01	4.53824e-01	4.78620e-01	4.79789e-01	4.81165e-01	4.78509e-01	4.70388e-01	4.77322e-01	4.88966e-01	4.90637e-01	4.78901e-01	4.71711e-01	4.61810e-01	4.71273e-01	5.02812e-01	4.85236e-01	4.87205e-01	4.63748e-01	4.71061e-01	4.70850e-01	4.51023e-01	4.59689e-01	4.71361e-01	4.84502e-01	5.06318e-01	4.98558e-01	4.90950e-01	4.87796e-01	4.81990e-01	4.56227e-01	4.73692e-01	4.94575e-01	4.82304e-01	4.90755e-01	5.02934e-01	4.11678e-01	3.94262e-01	4.05286e-01	4.15203e-01	4.29962e-01	4.39761e-01	4.51730e-01	4.59014e-01	4.53880e-01	4.67911e-01	4.81854e-01	4.73811e-01	4.61776e-01	4.71351e-01	4.80067e-01	4.67405e-01	4.76866e-01	5.07489e-01	4.83646e-01	5.07923e-01	6.17302e-01	8.41974e-01	8.67348e-01	6.98634e-01
4.79811e-01	4.79827e-01	5.16849e-01	5.05511e-01	4.88865e-01	5.16985e-01	5.09698e-01	5.03557e-01	5.19540e-01	4.78566e-01	5.03685e-01	4.86836e-01	4.92428e-01	5.21784e-01	6.71155e-01	8.85619e-01	1.00000e+00	9.37592e-01	7.78478e-01	6.08594e-01	4.61312e-01	4.60833e-01	4.71625e-01	4.72519e-01	4.68282e-01	4.66089e-01	4.73159e-01	4.83102e-01	4.83251e-01	4.68107e-01	4.62776e-01	4.85173e-01	4.83032e-01	4.72386e-01	4.67795e-01	4.86801e-01	5.08551e-01	4.71340e-01	4.38816e-01	4.25207e-01	4.31886e-01	4.48122e-01	4.56602e-01	4.84312e-01	4.67842e-01	4.76291e-01	4.74831e-01	4.73523e-01	4.83329e-01	4.92789e-01	4.86197e-01	4.70871e-01	4.67374e-01	4.52740e-01	4.61173e-01	4.92767e-01	4.93555e-01	4.90161e-01	4.56525e-01	4.77740e-01	4.65375e-01	4.24230e-01	4.29825e-01	4.61752e-01	4.85451e-01	4.91597e-01	5.09220e-01	5.05234e-01	4.96734e-01	4.94452e-01	4.66546e-01	4.75415e-01	4.84423e-01	4.75843e-01	4.86341e-01	5.04163e-01	4.12489e-01	3.88138e-01	3.91114e-01	4.06163e-01	4.33695e-01	4.49419e-01	4.57809e-01	4.62661e-01	4.62441e-01	4.75717e-01	4.97745e-01	4.92149e-01	4.67626e-01	4.66816e-01	4.80303e-01	4.81861e-01	4.86897e-01	4.97790e-01	4.69178e-01	4.88828e-01	5.21557e-01	6.54585e-01	8.21456e-01	8.29306e-01
4.71927e-01	4.86557e-01	5.29698e-01	5.13516e-01	4.97557e-01	5.21899e-01	5.32798e-01	5.08992e-01	5.31126e-01	4.84319e-01	5.19491e-01	4.85551e-01	4.85147e-01	5.00772e-01	5.55568e-01	7.32226e-01	9.37592e-01	1.00000e+00	9.24576e-01	7.41483e-01	4.50341e-01	4.53597e-01	4.67410e-01	4.69492e-01	4.68347e-01	4.68861e-01	4.78483e-01	4.95315e-01	5.00460e-01	4.83769e-01	4.68408e-01	4.81060e-01	4.84278e-01	4.70240e-01	4.59369e-01	4.79754e-01	5.04761e-01	4.76079e-01	4.49583e-01	4.35817e-01	4.41177e-01	4.58229e-01	4.58097e-01	4.80968e-01	4.61569e-01	4.71487e-01	4.83591e-01	4.79485e-01	4.84670e-01	4.90195e-01	4.84178e-01	4.73817e-01	4.72591e-01	4.48407e-01	4.54632e-01	4.86377e-01	5.00621e-01	4.95663e-01	4.50550e-01	4.72759e-01	4.53504e-01	4.12344e-01	4.17056e-01	4.60567e-01	4.88094e-01	4.74027e-01	4.94628e-01	4.95435e-01	4.95286e-01	4.96067e-01	4.68843e-01	4.81512e-01	4.79700e-01	4.70722e-01	4.79408e-01	5.05073e-01	4.29372e-01	4.02955e-01	3.86587e-01	3.98132e-01	4.33105e-01	4.55995e-01	4.70995e-01	4.77833e-01	4.76371e-01	4.86004e-01	5.08783e-01	5.03697e-01	4.75782e-01	4.67684e-01	4.81248e-01	4.92247e-01	4.97984e-01	4.97211e-01	4.59454e-01	4.84528e-01	5.05310e-01	5.56138e-01	7.25552e-01	8.51884e-01
4.71195e-01	5.04926e-01	5.36869e-01	5.04432e-01	5.21577e-01	5.30706e-01	5.30956e-01	5.07818e-01	5.46212e-01	4.79380e-01	5.25693e-01	4.81663e-01	4.80593e-01	4.91559e-01	5.02775e-01	6.00101e-01	7.78478e-01	9.24576e-01	1.00000e+00	9.16145e-01	4.52360e-01	4.57981e-01	4.70962e-01	4.72470e-01	4.73885e-01	4.74385e-01	4.81541e-01	4.96591e-01	5.03539e-01	4.89762e-01	4.69992e-01	4.71743e-01	4.77202e-01	4.65341e-01	4.55604e-01	4.71056e-01	4.90514e-01	4.75251e-01	4.65357e-01	4.58667e-01	4.62175e-01	4.74240e-01	4.63884e-01	4.73613e-01	4.66208e-01	4.75049e-01	4.94384e-01	4.80619e-01	4.78756e-01	4.82285e-01	4.86729e-01	4.87044e-01	4.85529e-01	4.59031e-01	4.61455e-01	4.86342e-01	5.05177e-01	5.01368e-01	4.60144e-01	4.74467e-01	4.55262e-01	4.24980e-01	4.27263e-01	4.67614e-01	4.93879e-01	4.68554e-01	4.78123e-01	4.87642e-01	4.95271e-01	4.95462e-01	4.73128e-01	4.88496e-01	4.76556e-01	4.64431e-01	4.75596e-01	5.03666e-01	4.59980e-01	4.38581e-01	4.01034e-01	4.01069e-01	4.31503e-01	4.58069e-01	4.85170e-01	4.96815e-01	4.92516e-01	4.91893e-01	5.03134e-01	5.02432e-01	4.85554e-01	4.76059e-01	4.82327e-01	4.93282e-01	5.06091e-01	5.00536e-01	4.54411e-01	4.72009e-01	4.93986e-01	5.11067e-01	6.24751e-01	7.84884e-01
4.75071e-01	5.23634e-01	5.39369e-01	4.92148e-01	5.41617e-01	5.44307e-01	5.16787e-01	5.10522e-01	5.59049e-01	4.72925e-01	5.27196e-01	4.76486e-01	4.77290e-01	4.87449e-01	4.92280e-01	5.22582e-01	6.08594e-01	7.41483e-01	9.16145e-01	1.00000e+00	4.65572e-01	4.75732e-01	4.86812e-01	4.87677e-01	4.89123e-01	4.81946e-01	4.79915e-01	4.87375e-01	4.94368e-01	4.86902e-01	4.69569e-01	4.66255e-01	4.71319e-01	4.61047e-01	4.54287e-01	4.61532e-01	4.71771e-01	4.66906e-01	4.73993e-01	4.80877e-01	4.86957e-01	5.00201e-01	4.82773e-01	4.72767e-01	4.75705e-01	4.83484e-01	4.99810e-01	4.80530e-01	4.76955e-01	4.84696e-01	5.02599e-01	5.10489e-01	4.98378e-01	4.70971e-01	4.66512e-01	4.85538e-01	5.07132e-01	5.10148e-01	4.80160e-01	4.86030e-01	4.74530e-01	4.60054e-01	4.63344e-01	4.87087e-01	4.95009e-01	4.75449e-01	4.78429e-01	4.90775e-01	4.95685e-01	4.95227e-01	4.83678e-01	4.96373e-01	4.75035e-01	4.59510e-01	4.79819e-01	5.06207e-01	4.92012e-01	4.81151e-01	4.39003e-01	4.28652e-01	4.42721e-01	4.62986e-01	4.94213e-01	5.09310e-01	5.07627e-01	4.99797e-01	4.95295e-01	4.99564e-01	4.94663e-01	4.89157e-01	4.86356e-01	4.87074e-01	5.09131e-01	5.09577e-01	4.57069e-01	4.58000e-01	4.77534e-01	4.91983e-01	5.36493e-01	6.34512e-01
9.32970e-01	4.73536e-01	4.60211e-01	5.36725e-01	4.70101e-01	4.84773e-01	4.95041e-01	4.60945e-01	4.66683e-01	4.87735e-01	4.82223e-01	8.04052e-01	6.09778e-01	5.09591e-01	4.75875e-01	4.73870e-01	4.61312e-01	4.50341e-01	4.52360e-01	4.65572e-01	1.00000e+00	8.86124e-01	6.92390e-01	5.60774e-01	5.06585e-01	5.04330e-01	5.09647e-01	5.04849e-01	4.98086e-01	4.96303e-01	5.10038e-01	5.23692e-01	5.23492e-01	5.33304e-01	5.30746e-01	4.93583e-01	4.54375e-01	4.61422e-01	4.93243e-01	5.03962e-01	5.07188e-01	5.09981e-01	5.10003e-01	4.94309e-01	4.94296e-01	4.70752e-01	4.62452e-01	4.66994e-01	4.66037e-01	4.55997e-01	4.62182e-01	4.73597e-01	4.78453e-01	4.86808e-01	5.00116e-01	5.06731e-01	4.97706e-01	4.61862e-01	4.91353e-01	4.84613e-01	4.74979e-01	4.87726e-01	4.90590e-01	4.93604e-01	4.83080e-01	5.09985e-01	5.11959e-01	4.75378e-01	4.72699e-01	5.02664e-01	5.28171e-01	4.97525e-01	4.97930e-01	4.87097e-01	4.54449e-01	4.66532e-01	4.75779e-01	4.61541e-01	4.55128e-01	4.55173e-01	4.52387e-01	4.52128e-01	4.55542e-01	4.59124e-01	4.49322e-01	4.37333e-01	4.34442e-01	4.30747e-01	4.41016e-01	4.44723e-01	4.43071e-01	4.70263e-01	4.84030e-01	4.60541e-01	8.42470e-01	6.04265e-01	4.94379e-01	4.79477e-01	4.66970e-01	4.56514e-01
7.03400e-01	4.66402e-01	4.76473e-01	5.19564e-01	4.77350e-01	4.96192e-01	4.88237e-01	4.71208e-01	4.74998e-01	4.88691e-01	4.87128e-01	6.47765e-01	5.61007e-01	5.12169e-01	4.92618e-01	4.76129e-01	4.60833e-01	4.53597e-01	4.57981e-01	4.75732e-01	8.86124e-01	1.00000e+00	8.44461e-01	6.36946e-01	5.18534e-01	4.89966e-01	4.93030e-01	4.99764e-01	5.03288e-01	5.00446e-01	5.06960e-01	5.16817e-01	5.17616e-01	5.32591e-01	5.34409e-01	4.96288e-01	4.54693e-01	4.45966e-01	4.72071e-01	4.95843e-01	5.04729e-01	5.07423e-01	4.98060e-01	4.84733e-01	4.84790e-01	4.80602e-01	4.81826e-01	4.98812e-01	4.98708e-01	4.82156e-01	4.70580e-01	4.69785e-01	4.67631e-01	4.66079e-01	4.75202e-01	4.96562e-01	4.92774e-01	4.56656e-01	4.77818e-01	4.76973e-01	4.61935e-01	4.79043e-01	4.96523e-01	4.85242e-01	4.76167e-01	5.14964e-01	5.16281e-01	4.67756e-01	4.65560e-01	4.95826e-01	5.11422e-01	4.86838e-01	4.95023e-01	4.79752e-01	4.60801e-01	4.76621e-01	4.84895e-01	4.74663e-01	4.55477e-01	4.56662e-01	4.58835e-01	4.62538e-01	4.71831e-01	4.77805e-01	4.73758e-01	4.62914e-01	4.52357e-01	4.36093e-01	4.47083e-01	4.56283e-01	4.64151e-01	4.96669e-01	5.02065e-01	4.74833e-01	8.32444e-01	6.22012e-01	5.12218e-01	4.76230e-01	4.50103e-01	4.38525e-01
5.77769e-01	4.87703e-01	5.06230e-01	5.08204e-01	4.88164e-01	5.16925e-01	4.81176e-01	4.73825e-01	5.00947e-01	4.92933e-01	4.80588e-01	5.44496e-01	5.14729e-01	5.03898e-01	4.88756e-01	4.78256e-01	4.71625e-01	4.67410e-01	4.70962e-01	4.86812e-01	6.92390e-01	8.44461e-01	1.00000e+00	8.99616e-01	6.63127e-01	5.41214e-01	5.05341e-01	4.95687e-01	4.96435e-01	5.00573e-01	5.06213e-01	5.14925e-01	5.23034e-01	5.32362e-01	5.28047e-01	4.94147e-01	4.61101e-01	4.46873e-01	4.72512e-01	5.04516e-01	5.19362e-01	5.24620e-01	5.06461e-01	4.94981e-01	4.85487e-01	4.88593e-01	4.96043e-01	5.10234e-01	5.05235e-01	4.90548e-01	4.81322e-01	4.80109e-01	4.80051e-01	4.79688e-01	4.75718e-01	4.84148e-01	4.93227e-01	4.71388e-01	4.71175e-01	4.91884e-01	4.85535e-01	4.66967e-01	4.76853e-01	4.77671e-01	4.65541e-01	4.83023e-01	4.91315e-01	4.64402e-01	4.60926e-01	4.82275e-01	4.83321e-01	4.65495e-01	4.90794e-01	4.86313e-01	4.73871e-01	4.80248e-01	4.85993e-01	4.79959e-01	4.73609e-01	4.69027e-01	4.57820e-01	4.54624e-01	4.69309e-01	4.82880e-01	4.85131e-01	4.88065e-01	4.84787e-01	4.57330e-01	4.51780e-01	4.46257e-01	4.46753e-01	4.69706e-01	4.79694e-01	4.72413e-01	6.80209e-01	5.97169e-01	5.00453e-01	4.59347e-01	4.45054e-01	4.41354e-01
5.36204e-01	5.14963e-01	5.29663e-01	5.10604e-01	5.06180e-01	5.41506e-01	4.69126e-01	4.72725e-01	5.23474e-01	5.09460e-01	4.66234e-01	5.04222e-01	4.95134e-01	4.85574e-01	4.68354e-01	4.70799e-01	4.72519e-01	4.69492e-01	4.72470e-01	4.87677e-01	5.60774e-01	6.36946e-01	8.99616e-01	1.00000e+00	8.78140e-01	6.99298e-01	5.71420e-01	5.07050e-01	4.86378e-01	4.96150e-01	4.99913e-01	4.98498e-01	5.09400e-01	5.17707e-01	5.16583e-01	4.90189e-01	4.54638e-01	4.43860e-01	4.69150e-01	5.00920e-01	5.15214e-01	5.22230e-01	5.18071e-01	5.27305e-01	5.03783e-01	5.00823e-01	5.04008e-01	5.07665e-01	4.98712e-01	4.86969e-01	4.82324e-01	4.80321e-01	4.84894e-01	4.90127e-01	4.79068e-01	4.68461e-01	4.85789e-01	4.90719e-01	4.86209e-01	5.21231e-01	5.21337e-01	4.82787e-01	4.79240e-01	4.74164e-01	4.53937e-01	4.61261e-01	4.74106e-01	4.59424e-01	4.50284e-01	4.60779e-01	4.66617e-01	4.73599e-01	4.94440e-01	4.91496e-01	4.87336e-01	4.76169e-01	4.83121e-01	4.80893e-01	4.96145e-01	4.94621e-01	4.78845e-01	4.69303e-01	4.74211e-01	4.80195e-01	4.81194e-01	4.91674e-01	4.94041e-01	4.65074e-01	4.56217e-01	4.46438e-01	4.33973e-01	4.49614e-01	4.71085e-01	4.74201e-01	5.56708e-01	5.67655e-01	4.84344e-01	4.48867e-01	4.44441e-01	4.41825e-01
5.18798e-01	5.30162e-01	5.32774e-01	5.19528e-01	5.19184e-01	5.54643e-01	4.75033e-01	4.78434e-01	5.29891e-01	5.25246e-01	4.68076e-01	4.91392e-01	4.70029e-01	4.58474e-01	4.57033e-01	4.64556e-01	4.68282e-01	4.68347e-01	4.73885e-01	4.89123e-01	5.06585e-01	5.18534e-01	6.63127e-01	8.78140e-01	1.00000e+00	8.88642e-01	7.07209e-01	5.73530e-01	5.02654e-01	5.03805e-01	4.98477e-01	4.79481e-01	4.90090e-01	4.97070e-01	4.97982e-01	4.77229e-01	4.44710e-01	4.45126e-01	4.65346e-01	4.87198e-01	4.95795e-01	5.01767e-01	5.13330e-01	5.48427e-01	5.18071e-01	5.07249e-01	5.04683e-01	5.05218e-01	4.96134e-01	4.85258e-01	4.77748e-01	4.71340e-01	4.77143e-01	4.78286e-01	4.66625e-01	4.51968e-01	4.79177e-01	5.05541e-01	4.93808e-01	5.21701e-01	5.22437e-01	4.94337e-01	4.88477e-01	4.73654e-01	4.58424e-01	4.62965e-01	4.72725e-01	4.52931e-01	4.45697e-01	4.53631e-01	4.71077e-01	4.96926e-01	5.02248e-01	4.95243e-01	4.94408e-01	4.71756e-01	4.90356e-01	4.86632e-01	5.06573e-01	5.09546e-01	4.99620e-01	4.89681e-01	4.82803e-01	4.79946e-01	4.78858e-01	4.90412e-01	4.95503e-01	4.71450e-01	4.62693e-01	4.59097e-01	4.48228e-01	4.63896e-01	4.87161e-01	4.85804e-01	4.88038e-01	4.99677e-01	4.65894e-01	4.51726e-01	4.47435e-01	4.41629e-01
5.22406e-01	5.21335e-01	5.00606e-01	5.20623e-01	5.03358e-01	5.27241e-01	4.81147e-01	4.81630e-01	5.04022e-01	5.26898e-01	4.74716e-01	5.02864e-01	4.68320e-01	4.49838e-01	4.51728e-01	4.61045e-01	4.66089e-01	4.68861e-01	4.74385e-01	4.81946e-01	5.04330e-01	4.89966e-01	5.41214e-01	6.99298e-01	8.88642e-01	1.00000e+00	9.31023e-01	7.39631e-01	5.61917e-01	5.12464e-01	4.88149e-01	4.76603e-01	4.98995e-01	5.00406e-01	4.90492e-01	4.68695e-01	4.53850e-01	4.58338e-01	4.69018e-01	4.86080e-01	4.91606e-01	4.89247e-01	5.00514e-01	5.39447e-01	5.20110e-01	5.05167e-01	4.98415e-01	5.01839e-01	4.93955e-01	4.83553e-01	4.75849e-01	4.74452e-01	4.82408e-01	4.85071e-01	4.72904e-01	4.56665e-01	4.81344e-01	4.99494e-01	4.96138e-01	5.05005e-01	5.00042e-01	4.79250e-01	4.67193e-01	4.67812e-01	4.76183e-01	4.74362e-01	4.75961e-01	4.49362e-01	4.48118e-01	4.60957e-01	4.82180e-01	5.00945e-01	4.88757e-01	4.79649e-01	4.71803e-01	4.63309e-01	5.08787e-01	5.01633e-01	4.94393e-01	4.87875e-01	4.80044e-01	4.73331e-01	4.69421e-01	4.76950e-01	4.74363e-01	4.75341e-01	4.86487e-01	4.75052e-01	4.68223e-01	4.69607e-01	4.68556e-01	4.80859e-01	4.91516e-01	4.82678e-01	4.84299e-01	4.77673e-01	4.61103e-01	4.55241e-01	4.54060e-01	4.49379e-01
5.24396e-01	4.99554e-01	4.76288e-01	5.24591e-01	4.88187e-01	4.90641e-01	4.90139e-01	4.79371e-01	4.80832e-01	5.24435e-01	4.94033e-01	5.06395e-01	4.73461e-01	4.57478e-01	4.56721e-01	4.65289e-01	4.73159e-01	4.78483e-01	4.81541e-01	4.79915e-01	5.09647e-01	4.93030e-01	5.05341e-01	5.71420e-01	7.07209e-01	9.31023e-01	1.00000e+00	8.87318e-01	6.89227e-01	5.63874e-01	4.86705e-01	4.85856e-01	5.15302e-01	5.08426e-01	4.87900e-01	4.69766e-01	4.73160e-01	4.76193e-01	4.79490e-01	4.91670e-01	4.96428e-01	4.89654e-01	4.87863e-01	5.17414e-01	5.14179e-01	4.95638e-01	4.86209e-01	4.97221e-01	4.96710e-01	4.92345e-01	4.84008e-01	4.80948e-01	4.84952e-01	4.89011e-01	4.79490e-01	4.65232e-01	4.81244e-01	4.90675e-01	4.87751e-01	4.80537e-01	4.77076e-01	4.65532e-01	4.48116e-01	4.64489e-01	4.90113e-01	4.77558e-01	4.75411e-01	4.58311e-01	4.63235e-01	4.75439e-01	4.87835e-01	4.94890e-01	4.75634e-01	4.65964e-01	4.46808e-01	4.51614e-01	5.15385e-01	5.01182e-01	4.76389e-01	4.65663e-01	4.62203e-01	4.59236e-01	4.61216e-01	4.76384e-01	4.71644e-01	4.69015e-01	4.84052e-01	4.79258e-01	4.70409e-01	4.76079e-01	4.85044e-01	4.95140e-01	4.89743e-01	4.72770e-01	4.92578e-01	4.80294e-01	4.65763e-01	4.60298e-01	4.61634e-01	4.60094e-01
5.13881e-01	4.72529e-01	4.75716e-01	5.33925e-01	4.83146e-01	4.65817e-01	5.13495e-01	4.79073e-01	4.74268e-01	5.23785e-01	5.28016e-01	4.95714e-01	4.73885e-01	4.74003e-01	4.70788e-01	4.70087e-01	4.83102e-01	4.95315e-01	4.96591e-01	4.87375e-01	5.04849e-01	4.99764e-01	4.95687e-01	5.07050e-01	5.73530e-01	7.39631e-01	8.87318e-01	1.00000e+00	9.18994e-01	7.14356e-01	5.25923e-01	5.00481e-01	5.21264e-01	5.02960e-01	4.77845e-01	4.72128e-01	4.87332e-01	4.86550e-01	4.87695e-01	4.92062e-01	4.96183e-01	4.91725e-01	4.69520e-01	4.95148e-01	4.96377e-01	4.78382e-01	4.64970e-01	4.91779e-01	5.06415e-01	5.13083e-01	4.97693e-01	4.79941e-01	4.73974e-01	4.71069e-01	4.67787e-01	4.63987e-01	4.73419e-01	4.87863e-01	4.62515e-01	4.48284e-01	4.52264e-01	4.52017e-01	4.46451e-01	4.73980e-01	4.97330e-01	4.64201e-01	4.64564e-01	4.66771e-01	4.78417e-01	4.81030e-01	4.73880e-01	4.88044e-01	4.75884e-01	4.64282e-01	4.32349e-01	4.39608e-01	5.08784e-01	4.81138e-01	4.55867e-01	4.52813e-01	4.59632e-01	4.61030e-01	4.66955e-01	4.81344e-01	4.75084e-01	4.79395e-01	4.91636e-01	4.81370e-01	4.65494e-01	4.79577e-01	5.02985e-01	5.15559e-01	4.92780e-01	4.69189e-01	4.92583e-01	4.82720e-01	4.81272e-01	4.68427e-01	4.66502e-01	4.69555e-01
5.02111e-01	4.63429e-01	4.99770e-01	5.15396e-01	4.87140e-01	4.75755e-01	5.31608e-01	4.81401e-01	4.96827e-01	5.18377e-01	5.39275e-01	4.92443e-01	4.77167e-01	4.88129e-01	4.84141e-01	4.70363e-01	4.83251e-01	5.00460e-01	5.03539e-01	4.94368e-01	4.98086e-01	5.03288e-01	4.96435e-01	4.86378e-01	5.02654e-01	5.61917e-01	6.89227e-01	9.18994e-01	1.00000e+00	8.81375e-01	6.52900e-01	5.19075e-01	5.13926e-01	4.95842e-01	4.77139e-01	4.77886e-01	4.94376e-01	4.90053e-01	4.91210e-01	4.95942e-01	4.99356e-01	4.96485e-01	4.61985e-01	4.82342e-01	4.73672e-01	4.70833e-01	4.55280e-01	4.91166e-01	5.13623e-01	5.26099e-01	5.10754e-01	4.83154e-01	4.64646e-01	4.62103e-01	4.67963e-01	4.71147e-01	4.79143e-01	4.94541e-01	4.44240e-01	4.31769e-01	4.43236e-01	4.50642e-01	4.60239e-01	4.85698e-01	4.97037e-01	4.51647e-01	4.52756e-01	4.56369e-01	4.64309e-01	4.65018e-01	4.55143e-01	4.84444e-01	4.83342e-01	4.75261e-01	4.45144e-01	4.47173e-01	5.11760e-01	4.79852e-01	4.48404e-01	4.53733e-01	4.68626e-01	4.72527e-01	4.78063e-01	4.87197e-01	4.79379e-01	4.90506e-01	4.98931e-01	4.86886e-01	4.66861e-01	4.77854e-01	5.07786e-01	5.24346e-01	4.96171e-01	4.75962e-01	4.91326e-01	4.84841e-01	4.97132e-01	4.80928e-01	4.75054e-01	4.82669e-01
4.99507e-01	4.71320e-01	5.21351e-01	4.89928e-01	4.88709e-01	5.05411e-01	5.33684e-01	4.82387e-01	5.25331e-01	5.06716e-01	5.22970e-01	4.96980e-01	4.79282e-01	4.92036e-01	4.88334e-01	4.63073e-01	4.68107e-01	4.83769e-01	4.89762e-01	4.86902e-01	4.96303e-01	5.00446e-01	5.00573e-01	4.96150e-01	5.03805e-01	5.12464e-01	5.63874e-01	7.14356e-01	8.81375e-01	1.00000e+00	8.77627e-01	5.81916e-01	5.16461e-01	4.97136e-01	4.83204e-01	4.75259e-01	4.91957e-01	4.87195e-01	4.90005e-01	5.04244e-01	5.08603e-01	5.08122e-01	4.72951e-01	4.77025e-01	4.56931e-01	4.73806e-01	4.56721e-01	4.86236e-01	5.04680e-01	5.15751e-01	5.11072e-01	4.88921e-01	4.67904e-01	4.74154e-01	4.81885e-01	4.79670e-01	4.97344e-01	5.04946e-01	4.46936e-01	4.37846e-01	4.55599e-01	4.67698e-01	4.77393e-01	4.81985e-01	4.87868e-01	4.47604e-01	4.46884e-01	4.37017e-01	4.31908e-01	4.44678e-01	4.53982e-01	4.82431e-01	4.82114e-01	4.84588e-01	4.70828e-01	4.66248e-01	5.18901e-01	4.97069e-01	4.53869e-01	4.62372e-01	4.80074e-01	4.82699e-01	4.81624e-01	4.84348e-01	4.73266e-01	4.90433e-01	5.00843e-01	4.92245e-01	4.73625e-01	4.71269e-01	4.94218e-01	5.11627e-01	4.92479e-01	4.83307e-01	4.86621e-01	4.76922e-01	4.94127e-01	4.85711e-01	4.74799e-01	4.83961e-01
5.08989e-01	4.71367e-01	4.98068e-01	5.02696e-01	4.66522e-01	4.99475e-01	5.28415e-01	4.90463e-01	4.99961e-01	4.90743e-01	5.13281e-01	4.96294e-01	4.82442e-01	4.96742e-01	4.94026e-01	4.67893e-01	4.62776e-01	4.68408e-01	4.69992e-01	4.69569e-01	5.10038e-01	5.06960e-01	5.06213e-01	4.99913e-01	4.98477e-01	4.88149e-01	4.86705e-01	5.25923e-01	6.52900e-01	8.77627e-01	1.00000e+00	7.90099e-01	5.86962e-01	5.16069e-01	4.89151e-01	4.72020e-01	4.82113e-01	4.78010e-01	4.87087e-01	4.99289e-01	5.03274e-01	5.12084e-01	4.89457e-01	4.86869e-01	4.68658e-01	4.78233e-01	4.64713e-01	4.77388e-01	4.87782e-01	4.91995e-01	4.89242e-01	4.82263e-01	4.86397e-01	4.87542e-01	4.81655e-01	4.75842e-01	5.13630e-01	5.20718e-01	4.86478e-01	4.70230e-01	4.71505e-01	4.87336e-01	4.97638e-01	4.77040e-01	4.75007e-01	4.57984e-01	4.67700e-01	4.66244e-01	4.47849e-01	4.59577e-01	4.75031e-01	4.86768e-01	4.80508e-01	4.94966e-01	4.93273e-01	4.87571e-01	4.96445e-01	4.98988e-01	4.68305e-01	4.71286e-01	4.84971e-01	4.86714e-01	4.82525e-01	4.81468e-01	4.69073e-01	4.83115e-01	4.91642e-01	4.86536e-01	4.76274e-01	4.70577e-01	4.87869e-01	5.01647e-01	4.93858e-01	4.98561e-01	4.86586e-01	4.67468e-01	4.78835e-01	4.86526e-01	4.72299e-01	4.77139e-01
5.19076e-01	4.79002e-01	4.66609e-01	5.18712e-01	4.54687e-01	4.75891e-01	5.09863e-01	4.90095e-01	4.58730e-01	4.65688e-01	5.20554e-01	4.90808e-01	4.91560e-01	5.01168e-01	4.90513e-01	4.84394e-01	4.85173e-01	4.81060e-01	4.71743e-01	4.66255e-01	5.23692e-01	5.16817e-01	5.14925e-01	4.98498e-01	4.79481e-01	4.76603e-01	4.85856e-01	5.00481e-01	5.19075e-01	5.81916e-01	7.90099e-01	1.00000e+00	8.01495e-01	6.35804e-01	5.27746e-01	4.83849e-01	4.74804e-01	4.79117e-01	4.92579e-01	4.80484e-01	4.80824e-01	4.98673e-01	4.95583e-01	5.21717e-01	4.94988e-01	4.72298e-01	4.58429e-01	4.57710e-01	4.64243e-01	4.64149e-01	4.60020e-01	4.62264e-01	4.89738e-01	4.83858e-01	4.66427e-01	4.65303e-01	5.03467e-01	5.29350e-01	5.19863e-01	5.02448e-01	4.73508e-01	4.77689e-01	5.03446e-01	4.79283e-01	4.70463e-01	4.73915e-01	4.91133e-01	5.09354e-01	5.03436e-01	5.02937e-01	4.95050e-01	4.86932e-01	4.86411e-01	5.00137e-01	4.92295e-01	4.90196e-01	4.72432e-01	4.86241e-01	4.96992e-01	4.92002e-01	4.91513e-01	4.87168e-01	4.77334e-01	4.73267e-01	4.65390e-01	4.61614e-01	4.53107e-01	4.50169e-01	4.63781e-01	4.76048e-01	4.88595e-01	5.03359e-01	5.06879e-01	4.99917e-01	4.94909e-01	4.80138e-01	4.75034e-01	4.84887e-01	4.84641e-01	4.86582e-01
5.20885e-01	4.87054e-01	4.72970e-01	5.13747e-01	4.75076e-01	4.70262e-01	4.93954e-01	4.65033e-01	4.67327e-01	4.52682e-01	5.18005e-01	4.94176e-01	4.80999e-01	4.78969e-01	4.64891e-01	4.68598e-01	4.83032e-01	4.84278e-01	4.77202e-01	4.71319e-01	5.23492e-01	5.17616e-01	5.23034e-01	5.09400e-01	4.90090e-01	4.98995e-01	5.15302e-01	5.21264e-01	5.13926e-01	5.16461e-01	5.86962e-01	8.01495e-01	1.00000e+00	9.16439e-01	6.97425e-01	5.32547e-01	4.87448e-01	5.14205e-01	5.25161e-01	4.99736e-01	4.97291e-01	5.18948e-01	5.05115e-01	5.21828e-01	4.94751e-01	4.77232e-01	4.67023e-01	4.62083e-01	4.65463e-01	4.71723e-01	4.72454e-01	4.64981e-01	4.70067e-01	4.69638e-01	4.62145e-01	4.70139e-01	4.88364e-01	5.11721e-01	5.01526e-01	4.94525e-01	4.86043e-01	4.86455e-01	5.00470e-01	4.81081e-01	4.98227e-01	4.99926e-01	4.88340e-01	4.92486e-01	5.13570e-01	5.22999e-01	4.88474e-01	4.55148e-01	4.71605e-01	4.89957e-01	4.65163e-01	4.59186e-01	5.02774e-01	4.95448e-01	5.01897e-01	4.90484e-01	4.79551e-01	4.71181e-01	4.64369e-01	4.67353e-01	4.55666e-01	4.34209e-01	4.14438e-01	4.15757e-01	4.45951e-01	4.63484e-01	4.72981e-01	4.92564e-01	4.87192e-01	4.54246e-01	4.95869e-01	4.81998e-01	4.78363e-01	4.70889e-01	4.71295e-01	4.83188e-01
